0 0.00390625 0.14453125 0.009765625 0.140625 0.013671875 0.138671875 0.021484375 0.138671875 0.025390625 0.142578125 0.02734375 0.146484375 0.029296875 0.154296875 0.025390625 0.158203125 0.021484375 0.162109375 0.017578125 0.162109375 0.013671875 0.162109375 0.0078125 0.162109375 0.00390625 0.158203125 0.001953125 0.15625
0 0.041015625 0.404296875 0.05078125 0.396484375 0.0625 0.392578125 0.078125 0.39453125 0.08984375 0.400390625 0.09765625 0.412109375 0.095703125 0.423828125 0.076171875 0.44140625 0.0625 0.443359375 0.0546875 0.443359375 0.044921875 0.435546875 0.0390625 0.4296875 0.037109375 0.421875
0 0.00390625 0.298828125 0.013671875 0.29296875 0.033203125 0.287109375 0.0546875 0.2890625 0.07421875 0.294921875 0.111328125 0.333984375 0.111328125 0.353515625 0.111328125 0.37109375 0.107421875 0.384765625 0.1015625 0.3984375 0.087890625 0.412109375 0.060546875 0.42578125 0.04296875 0.427734375 0.029296875 0.4296875 0.017578125 0.427734375 0.005859375 0.423828125 0 0.419921875
0 0.240234375 0.33984375 0.228515625 0.345703125 0.216796875 0.349609375 0.208984375 0.357421875 0.205078125 0.369140625 0.201171875 0.384765625 0.205078125 0.404296875 0.208984375 0.416015625 0.216796875 0.427734375 0.224609375 0.439453125 0.244140625 0.443359375 0.26171875 0.443359375 0.279296875 0.435546875 0.291015625 0.419921875 0.296875 0.400390625 0.298828125 0.380859375 0.29296875 0.365234375 0.283203125 0.353515625 0.2734375 0.345703125 0.26171875 0.341796875
0 0.453125 0.255859375 0.439453125 0.259765625 0.431640625 0.26171875 0.423828125 0.271484375 0.421875 0.279296875 0.419921875 0.291015625 0.419921875 0.30078125 0.423828125 0.310546875 0.435546875 0.3125 0.447265625 0.310546875 0.455078125 0.306640625 0.4609375 0.30078125 0.46484375 0.291015625 0.466796875 0.283203125 0.46484375 0.2734375 0.462890625 0.26953125 0.4609375 0.26171875 0.458984375 0.259765625
0 0.439453125 0.447265625 0.431640625 0.44140625 0.42578125 0.431640625 0.42578125 0.419921875 0.431640625 0.412109375 0.439453125 0.41015625 0.447265625 0.4140625 0.451171875 0.419921875 0.458984375 0.435546875 0.458984375 0.443359375 0.451171875 0.451171875 0.447265625 0.451171875
0 0.384765625 0.513671875 0.361328125 0.525390625 0.357421875 0.533203125 0.357421875 0.54296875 0.357421875 0.546875 0.357421875 0.556640625 0.361328125 0.564453125 0.365234375 0.568359375 0.376953125 0.57421875 0.388671875 0.57421875 0.419921875 0.552734375 0.423828125 0.5390625 0.423828125 0.529296875 0.419921875 0.51953125 0.416015625 0.513671875 0.408203125 0.509765625 0.400390625 0.509765625
0 0.294921875 0.556640625 0.302734375 0.556640625 0.314453125 0.5625 0.322265625 0.568359375 0.328125 0.576171875 0.328125 0.587890625 0.322265625 0.599609375 0.314453125 0.6015625 0.302734375 0.595703125 0.294921875 0.58984375 0.2890625 0.580078125 0.287109375 0.572265625 0.287109375 0.564453125
0 0.599609375 0.376953125 0.587890625 0.376953125 0.572265625 0.390625 0.56640625 0.400390625 0.564453125 0.41015625 0.564453125 0.419921875 0.572265625 0.427734375 0.5859375 0.43359375 0.595703125 0.431640625 0.611328125 0.41796875 0.615234375 0.408203125 0.6171875 0.40234375 0.619140625 0.392578125 0.615234375 0.380859375
0 0.806640625 0.53125 0.798828125 0.51953125 0.787109375 0.513671875 0.767578125 0.513671875 0.75390625 0.515625 0.740234375 0.537109375 0.736328125 0.55078125 0.75 0.568359375 0.755859375 0.572265625 0.767578125 0.576171875 0.779296875 0.580078125 0.791015625 0.580078125 0.8125 0.552734375 0.8125 0.541015625
0 0.5625 0.791015625 0.576171875 0.779296875 0.587890625 0.77734375 0.603515625 0.77734375 0.611328125 0.783203125 0.6171875 0.791015625 0.6171875 0.802734375 0.615234375 0.814453125 0.609375 0.8203125 0.599609375 0.826171875 0.5859375 0.830078125 0.572265625 0.830078125 0.564453125 0.826171875 0.55859375 0.80859375
0 0.71484375 0.779296875 0.703125 0.77734375 0.689453125 0.779296875 0.67578125 0.783203125 0.6640625 0.794921875 0.662109375 0.806640625 0.666015625 0.8125 0.6796875 0.818359375 0.6953125 0.818359375 0.712890625 0.806640625 0.716796875 0.8046875 0.71875 0.798828125 0.720703125 0.791015625 0.720703125 0.787109375
0 1 0.7109375 0.990234375 0.724609375 0.986328125 0.736328125 0.984375 0.75 0.986328125 0.763671875 0.98828125 0.771484375 0.994140625 0.779296875 0.998046875 0.775390625