0 0.001953125 0.146484375 0.01171875 0.146484375 0.017578125 0.15234375 0.01953125 0.162109375 0.0078125 0.171875 0.001953125 0.173828125 0 0.173828125
0 0.005859375 0.189453125 0.017578125 0.185546875 0.0234375 0.1640625 0.0234375 0.150390625 0.021484375 0.142578125 0.017578125 0.13671875 0.01171875 0.130859375 0.0078125 0.126953125 0.005859375 0.126953125 0.00390625 0.126953125 0 0.1875
0 0.283203125 0.005859375 0.271484375 0.005859375 0.267578125 0.005859375 0.263671875 0.01171875 0.263671875 0.017578125 0.26171875 0.021484375 0.263671875 0.029296875 0.265625 0.037109375 0.271484375 0.0390625 0.279296875 0.037109375 0.28515625 0.03515625 0.291015625 0.029296875 0.291015625 0.025390625 0.29296875 0.017578125 0.291015625 0.01171875
0 0.173828125 0.224609375 0.185546875 0.21875 0.1953125 0.216796875 0.205078125 0.220703125 0.212890625 0.224609375 0.216796875 0.232421875 0.212890625 0.240234375 0.208984375 0.244140625 0.203125 0.25 0.197265625 0.251953125 0.189453125 0.255859375 0.181640625 0.255859375 0.17578125 0.255859375 0.162109375 0.240234375 0.162109375 0.236328125
0 0.951171875 0.060546875 0.962890625 0.05859375 0.96875 0.0625 0.97265625 0.0703125 0.978515625 0.076171875 0.978515625 0.087890625 0.974609375 0.095703125 0.966796875 0.103515625 0.958984375 0.103515625 0.94921875 0.099609375 0.94140625 0.095703125 0.935546875 0.0859375 0.93359375 0.076171875 0.93359375 0.06640625 0.93359375 0.064453125
0 0.677734375 0.181640625 0.685546875 0.177734375 0.693359375 0.181640625 0.705078125 0.1953125 0.705078125 0.205078125 0.697265625 0.212890625 0.6875 0.212890625 0.6796875 0.21484375 0.673828125 0.212890625 0.669921875 0.208984375 0.666015625 0.201171875 0.666015625 0.197265625
0 0.978515625 0.18359375 0.966796875 0.173828125 0.955078125 0.171875 0.947265625 0.173828125 0.939453125 0.1875 0.939453125 0.193359375 0.9375 0.197265625 0.939453125 0.201171875 0.94140625 0.20703125 0.9453125 0.208984375 0.958984375 0.21875 0.96484375 0.220703125 0.96875 0.220703125 0.974609375 0.21875 0.982421875 0.208984375 0.984375 0.205078125 0.986328125 0.201171875 0.986328125 0.193359375
0 0.626953125 0.255859375 0.619140625 0.25390625 0.59765625 0.267578125 0.595703125 0.279296875 0.591796875 0.291015625 0.611328125 0.3125 0.619140625 0.310546875 0.626953125 0.30859375 0.6328125 0.306640625 0.638671875 0.302734375 0.642578125 0.296875 0.642578125 0.29296875 0.64453125 0.287109375 0.64453125 0.28125 0.646484375 0.2734375 0.64453125 0.265625 0.642578125 0.263671875
0 0.666015625 0.306640625 0.685546875 0.306640625 0.693359375 0.296875 0.693359375 0.287109375 0.69140625 0.275390625 0.685546875 0.267578125 0.673828125 0.265625 0.6640625 0.26953125 0.65625 0.279296875 0.654296875 0.29296875 0.65625 0.30078125
0 0.908203125 0.388671875 0.919921875 0.388671875 0.927734375 0.384765625 0.931640625 0.376953125 0.93359375 0.369140625 0.93359375 0.361328125 0.927734375 0.357421875 0.916015625 0.35546875 0.908203125 0.359375 0.892578125 0.373046875 0.8984375 0.384765625
0 0.72265625 0.416015625 0.734375 0.408203125 0.744140625 0.41015625 0.751953125 0.421875 0.751953125 0.4375 0.748046875 0.458984375 0.736328125 0.466796875 0.73046875 0.466796875 0.708984375 0.4453125 0.708984375 0.431640625 0.7109375 0.42578125
0 0.708984375 0.548828125 0.724609375 0.541015625 0.73046875 0.53125 0.734375 0.517578125 0.732421875 0.5 0.720703125 0.490234375 0.705078125 0.4921875 0.693359375 0.494140625 0.677734375 0.5078125 0.673828125 0.517578125 0.681640625 0.544921875
0 0.724609375 0.572265625 0.740234375 0.576171875 0.75 0.572265625 0.7578125 0.564453125 0.7578125 0.5546875 0.751953125 0.548828125 0.744140625 0.54296875 0.728515625 0.544921875 0.72265625 0.546875 0.71875 0.556640625
0 0.630859375 0.697265625 0.61328125 0.712890625 0.609375 0.720703125 0.607421875 0.728515625 0.609375 0.736328125 0.6171875 0.744140625 0.62890625 0.751953125 0.642578125 0.751953125 0.65234375 0.748046875 0.662109375 0.740234375 0.6640625 0.732421875 0.662109375 0.720703125 0.658203125 0.712890625 0.650390625 0.70703125 0.642578125 0.701171875
0 0.162109375 0.99609375 0.158203125 0.984375 0.158203125 0.978515625 0.169921875 0.96484375 0.177734375 0.962890625 0.18359375 0.958984375 0.193359375 0.958984375 0.205078125 0.9765625 0.205078125 0.982421875 0.197265625 0.998046875 0.193359375 0.998046875 0.1640625 1
0 0.74609375 0.974609375 0.740234375 0.974609375 0.734375 0.974609375 0.732421875 0.974609375 0.724609375 0.9765625 0.72265625 0.982421875 0.720703125 0.990234375 0.720703125 0.994140625 0.720703125 0.994140625 0.71875 0.998046875 0.75 0.998046875
0 0.697265625 0.994140625 0.70703125 0.98828125 0.712890625 0.982421875 0.720703125 0.982421875 0.7265625 0.98046875 0.732421875 0.982421875 0.73828125 0.984375 0.755859375 0.994140625 0.759765625 0.99609375 0.759765625 0.998046875 0.697265625 0.998046875