0 0.005859375 0.142578125 0.013671875 0.138671875 0.021484375 0.13671875 0.033203125 0.138671875 0.03515625 0.142578125 0.033203125 0.150390625 0.033203125 0.15625 0.029296875 0.162109375 0.017578125 0.166015625 0.009765625 0.166015625 0.005859375 0.15625
0 0.060546875 0.201171875 0.083984375 0.185546875 0.09765625 0.19140625 0.10546875 0.19921875 0.111328125 0.20703125 0.115234375 0.216796875 0.111328125 0.23046875 0.10546875 0.240234375 0.09765625 0.24609375 0.083984375 0.248046875 0.072265625 0.248046875 0.060546875 0.244140625 0.056640625 0.236328125 0.052734375 0.22265625 0.05078125 0.212890625
0 0.400390625 0.154296875 0.40625 0.1484375 0.412109375 0.1484375 0.419921875 0.150390625 0.423828125 0.158203125 0.423828125 0.166015625 0.419921875 0.173828125 0.416015625 0.1796875 0.41015625 0.181640625 0.404296875 0.181640625 0.3984375 0.1796875 0.39453125 0.173828125 0.39453125 0.166015625
0 0.49609375 0.2265625 0.505859375 0.2109375 0.521484375 0.201171875 0.53125 0.201171875 0.541015625 0.208984375 0.548828125 0.21875 0.546875 0.236328125 0.541015625 0.24609375 0.529296875 0.259765625 0.515625 0.265625 0.505859375 0.267578125 0.498046875 0.26171875 0.4921875 0.251953125 0.490234375 0.2421875 0.48828125 0.236328125
0 0.43359375 0.25390625 0.443359375 0.255859375 0.458984375 0.26953125 0.462890625 0.279296875 0.462890625 0.294921875 0.45703125 0.306640625 0.447265625 0.318359375 0.435546875 0.322265625 0.423828125 0.318359375 0.416015625 0.3125 0.412109375 0.298828125 0.412109375 0.291015625 0.412109375 0.279296875 0.416015625 0.271484375 0.423828125 0.26171875
0 0.796875 0.078125 0.78515625 0.080078125 0.767578125 0.08203125 0.7578125 0.091796875 0.755859375 0.1015625 0.751953125 0.115234375 0.75390625 0.130859375 0.755859375 0.14453125 0.763671875 0.15234375 0.775390625 0.158203125 0.7890625 0.15625 0.802734375 0.150390625 0.810546875 0.138671875 0.818359375 0.12890625 0.81640625 0.1171875 0.81640625 0.10546875 0.814453125 0.095703125 0.806640625 0.083984375
0 0.568359375 0.3828125 0.57421875 0.384765625 0.583984375 0.390625 0.583984375 0.400390625 0.58203125 0.412109375 0.578125 0.423828125 0.568359375 0.439453125 0.544921875 0.451171875 0.533203125 0.447265625 0.52734375 0.435546875 0.52734375 0.421875 0.52734375 0.412109375 0.544921875 0.388671875
0 0.3828125 0.5078125 0.396484375 0.5 0.412109375 0.498046875 0.42578125 0.5 0.435546875 0.5078125 0.4375 0.51953125 0.4375 0.53125 0.43359375 0.54296875 0.427734375 0.5546875 0.40625 0.568359375 0.3984375 0.5703125 0.388671875 0.56640625 0.380859375 0.55859375 0.373046875 0.552734375 0.369140625 0.541015625 0.369140625 0.533203125 0.373046875 0.525390625
0 0.318359375 0.53515625 0.330078125 0.533203125 0.3359375 0.5390625 0.341796875 0.55078125 0.345703125 0.564453125 0.341796875 0.572265625 0.333984375 0.578125 0.32421875 0.578125 0.318359375 0.57421875 0.314453125 0.56640625 0.310546875 0.55859375 0.310546875 0.548828125 0.310546875 0.541015625 0.310546875 0.537109375
0 0.279296875 0.595703125 0.294921875 0.59375 0.3125 0.580078125 0.318359375 0.57421875 0.322265625 0.564453125 0.3203125 0.552734375 0.31640625 0.546875 0.306640625 0.541015625 0.296875 0.5390625 0.28515625 0.541015625 0.271484375 0.544921875 0.265625 0.552734375 0.259765625 0.560546875 0.255859375 0.568359375 0.255859375 0.576171875 0.263671875 0.587890625 0.271484375 0.591796875 0.271484375 0.59375
0 0.306640625 0.62890625 0.322265625 0.623046875 0.337890625 0.625 0.361328125 0.638671875 0.36328125 0.650390625 0.361328125 0.666015625 0.3515625 0.67578125 0.333984375 0.681640625 0.306640625 0.671875 0.30078125 0.666015625 0.298828125 0.658203125 0.296875 0.6484375 0.298828125 0.642578125
0 0.396484375 0.650390625 0.412109375 0.642578125 0.421875 0.642578125 0.431640625 0.646484375 0.4375 0.654296875 0.44140625 0.666015625 0.4375 0.68359375 0.431640625 0.6953125 0.423828125 0.701171875 0.408203125 0.705078125 0.392578125 0.705078125 0.380859375 0.685546875 0.376953125 0.673828125 0.380859375 0.6640625
0 0.841796875 0.7734375 0.849609375 0.771484375 0.857421875 0.767578125 0.869140625 0.765625 0.880859375 0.76953125 0.884765625 0.78125 0.884765625 0.791015625 0.880859375 0.802734375 0.865234375 0.810546875 0.8515625 0.810546875 0.833984375 0.806640625 0.828125 0.791015625 0.830078125 0.78125