0 0.001953125 0.14453125 0.009765625 0.138671875 0.015625 0.138671875 0.021484375 0.13671875 0.025390625 0.138671875 0.029296875 0.146484375 0.029296875 0.150390625 0.029296875 0.158203125 0.025390625 0.162109375 0.01953125 0.1640625 0.013671875 0.1640625 0.0078125 0.1640625 0.005859375 0.162109375 0.001953125 0.16015625
0 0.091796875 0.388671875 0.078125 0.388671875 0.06640625 0.392578125 0.05859375 0.3984375 0.05078125 0.40625 0.048828125 0.416015625 0.05078125 0.427734375 0.056640625 0.4375 0.06640625 0.44140625 0.08203125 0.443359375 0.091796875 0.439453125 0.099609375 0.43359375 0.10546875 0.427734375 0.107421875 0.419921875 0.109375 0.408203125 0.107421875 0.40234375 0.099609375 0.396484375
0 0 0.3046875 0.013671875 0.29296875 0.025390625 0.287109375 0.041015625 0.283203125 0.0625 0.283203125 0.08203125 0.287109375 0.09765625 0.294921875 0.111328125 0.3046875 0.123046875 0.314453125 0.130859375 0.330078125 0.134765625 0.3515625 0.12890625 0.365234375 0.126953125 0.384765625 0.115234375 0.40234375 0.10546875 0.412109375 0.095703125 0.419921875 0.072265625 0.42578125 0.060546875 0.427734375 0.033203125 0.42578125 0.021484375 0.421875 0.01171875 0.416015625 0.00390625 0.41015625 0 0.404296875
0 0.259765625 0.328125 0.248046875 0.328125 0.232421875 0.330078125 0.21875 0.337890625 0.2109375 0.34765625 0.205078125 0.359375 0.201171875 0.375 0.203125 0.388671875 0.20703125 0.40234375 0.212890625 0.41015625 0.220703125 0.41796875 0.236328125 0.42578125 0.25390625 0.427734375 0.271484375 0.427734375 0.283203125 0.41796875 0.291015625 0.40234375 0.296875 0.390625 0.298828125 0.380859375 0.296875 0.369140625 0.291015625 0.357421875 0.28515625 0.34765625 0.275390625 0.337890625
0 0.453125 0.2578125 0.443359375 0.255859375 0.43359375 0.26171875 0.423828125 0.26953125 0.41796875 0.27734375 0.41796875 0.2890625 0.41796875 0.30078125 0.421875 0.30859375 0.435546875 0.314453125 0.453125 0.310546875 0.458984375 0.306640625 0.46484375 0.298828125 0.466796875 0.2890625 0.466796875 0.279296875 0.46484375 0.271484375 0.462890625 0.263671875
0 0.619140625 0.376953125 0.60546875 0.373046875 0.59765625 0.373046875 0.58984375 0.376953125 0.580078125 0.3828125 0.57421875 0.390625 0.5703125 0.3984375 0.568359375 0.41015625 0.568359375 0.419921875 0.5703125 0.427734375 0.580078125 0.431640625 0.591796875 0.431640625 0.6015625 0.427734375 0.609375 0.419921875 0.6171875 0.412109375 0.623046875 0.40625 0.625 0.3984375 0.623046875 0.390625 0.62109375 0.384765625
0 0.4453125 0.419921875 0.439453125 0.419921875 0.431640625 0.423828125 0.427734375 0.431640625 0.4296875 0.443359375 0.431640625 0.451171875 0.435546875 0.45703125 0.4453125 0.458984375 0.451171875 0.458984375 0.45703125 0.45703125 0.4609375 0.451171875 0.462890625 0.4453125 0.462890625 0.435546875 0.462890625 0.431640625 0.458984375 0.423828125
0 0.357421875 0.529296875 0.369140625 0.521484375 0.376953125 0.513671875 0.384765625 0.509765625 0.392578125 0.5078125 0.408203125 0.5078125 0.416015625 0.513671875 0.419921875 0.521484375 0.421875 0.533203125 0.423828125 0.544921875 0.419921875 0.5546875 0.412109375 0.56640625 0.400390625 0.576171875 0.37109375 0.578125 0.361328125 0.5703125 0.353515625 0.55859375 0.3515625 0.548828125
0 0.291015625 0.564453125 0.298828125 0.55859375 0.302734375 0.556640625 0.31640625 0.564453125 0.32421875 0.568359375 0.328125 0.572265625 0.330078125 0.578125 0.328125 0.5859375 0.322265625 0.591796875 0.314453125 0.595703125 0.306640625 0.595703125 0.30078125 0.591796875 0.294921875 0.587890625 0.291015625 0.58203125 0.287109375 0.576171875
0 0.822265625 0.548828125 0.810546875 0.53515625 0.798828125 0.529296875 0.787109375 0.529296875 0.771484375 0.533203125 0.75390625 0.552734375 0.751953125 0.560546875 0.755859375 0.568359375 0.755859375 0.576171875 0.7734375 0.591796875 0.806640625 0.599609375 0.81640625 0.599609375 0.822265625 0.591796875 0.826171875 0.5859375 0.830078125 0.580078125 0.830078125 0.568359375 0.830078125 0.55859375
0 0.591796875 0.787109375 0.6015625 0.779296875 0.61328125 0.7734375 0.630859375 0.771484375 0.650390625 0.77734375 0.65234375 0.78515625 0.654296875 0.798828125 0.650390625 0.80859375 0.640625 0.81640625 0.626953125 0.8203125 0.62109375 0.822265625 0.611328125 0.822265625 0.599609375 0.8203125 0.595703125 0.818359375 0.587890625 0.8125 0.583984375 0.806640625 0.583984375 0.80078125
0 0.73046875 0.775390625 0.716796875 0.775390625 0.708984375 0.775390625 0.689453125 0.79296875 0.68359375 0.802734375 0.68359375 0.810546875 0.708984375 0.818359375 0.72265625 0.81640625 0.732421875 0.80859375 0.736328125 0.802734375 0.736328125 0.796875 0.736328125 0.787109375
0 0.998046875 0.677734375 0.986328125 0.689453125 0.9765625 0.703125 0.974609375 0.720703125 0.974609375 0.7265625 0.974609375 0.740234375 0.978515625 0.751953125 0.994140625 0.765625 0.998046875 0.763671875
0 0.994140625 0.1640625 0.986328125 0.177734375 0.978515625 0.208984375 0.982421875 0.228515625 0.986328125 0.240234375 0.994140625 0.255859375 0.998046875 0.259765625 1 0.1640625