0 0.0078125 0.00390625 0.02734375 0.013671875 0.033203125 0.025390625 0.037109375 0.03515625 0.037109375 0.04296875 0.037109375 0.0546875 0.033203125 0.0625 0.025390625 0.068359375 0.01171875 0.07421875 0.001953125 0.07421875
0 0.001953125 0.15234375 0.017578125 0.1640625 0.021484375 0.173828125 0.021484375 0.185546875 0.015625 0.193359375 0.001953125 0.19921875
0 0.126953125 0.296875 0.14453125 0.296875 0.154296875 0.306640625 0.16015625 0.318359375 0.16015625 0.328125 0.1484375 0.34375 0.13671875 0.34765625 0.126953125 0.34765625 0.125 0.34765625 0.12109375 0.341796875 0.1171875 0.3359375 0.11328125 0.328125 0.11328125 0.306640625 0.11328125 0.3046875
0 0.4375 0.189453125 0.455078125 0.2109375 0.458984375 0.236328125 0.4609375 0.26171875 0.4453125 0.29296875 0.421875 0.310546875 0.388671875 0.30859375 0.359375 0.291015625 0.3515625 0.263671875 0.3515625 0.23828125 0.357421875 0.216796875 0.365234375 0.20703125 0.373046875 0.19921875 0.3984375 0.185546875 0.400390625 0.185546875
0 0.11328125 0.51171875 0.12890625 0.521484375 0.1484375 0.533203125 0.162109375 0.55078125 0.169921875 0.57421875 0.16796875 0.595703125 0.162109375 0.619140625 0.1484375 0.62890625 0.119140625 0.6328125 0.091796875 0.625 0.07421875 0.6171875 0.056640625 0.59375 0.0546875 0.5625 0.0546875 0.54296875 0.068359375 0.525390625
0 0.162109375 0.6796875 0.185546875 0.685546875 0.205078125 0.70703125 0.21875 0.73046875 0.21875 0.755859375 0.208984375 0.77734375 0.193359375 0.79296875 0.169921875 0.80078125 0.15625 0.80078125 0.125 0.7890625 0.1015625 0.76953125 0.099609375 0.751953125 0.099609375 0.728515625 0.103515625 0.712890625 0.109375 0.697265625
0 0.029296875 0.8046875 0.044921875 0.80078125 0.060546875 0.810546875 0.078125 0.822265625 0.08203125 0.84375 0.076171875 0.865234375 0.06640625 0.87890625 0.052734375 0.88671875 0.037109375 0.888671875 0.0234375 0.884765625 0.01171875 0.880859375 0.005859375 0.873046875 0.00390625 0.857421875 0.00390625 0.83984375 0.005859375 0.828125 0.0078125 0.82421875
0 0.529296875 0.640625 0.513671875 0.642578125 0.501953125 0.6484375 0.494140625 0.66015625 0.486328125 0.67578125 0.486328125 0.689453125 0.490234375 0.697265625 0.49609375 0.701171875 0.51171875 0.701171875 0.51953125 0.701171875 0.53515625 0.693359375 0.541015625 0.6875 0.546875 0.673828125 0.546875 0.66015625 0.54296875 0.6484375
0 0.529296875 0.767578125 0.513671875 0.76953125 0.49609375 0.77734375 0.4921875 0.783203125 0.490234375 0.7890625 0.490234375 0.794921875 0.4921875 0.80078125 0.49609375 0.806640625 0.501953125 0.810546875 0.509765625 0.8125 0.517578125 0.8125 0.525390625 0.810546875 0.53125 0.80859375 0.541015625 0.791015625
0 0.705078125 0.83203125 0.7265625 0.8515625 0.73046875 0.8671875 0.728515625 0.880859375 0.72265625 0.888671875 0.71484375 0.896484375 0.70703125 0.900390625 0.693359375 0.904296875 0.689453125 0.904296875 0.68359375 0.90234375 0.67578125 0.88671875 0.669921875 0.873046875 0.669921875 0.859375 0.677734375 0.84375
0 0.716796875 0.41015625 0.6953125 0.416015625 0.666015625 0.427734375 0.62890625 0.498046875 0.634765625 0.55078125 0.6640625 0.58203125 0.6953125 0.59375 0.7421875 0.595703125 0.798828125 0.55859375 0.8125 0.52734375 0.81640625 0.5 0.81640625 0.466796875 0.783203125 0.42578125