0 0.00390625 0.14453125 0.013671875 0.140625 0.021484375 0.140625 0.02734375 0.142578125 0.029296875 0.146484375 0.029296875 0.15625 0.02734375 0.162109375 0.0234375 0.162109375 0.013671875 0.162109375 0.009765625 0.162109375 0.005859375 0.162109375 0.001953125 0.158203125 0.001953125 0.15625
0 0.00390625 0.3671875 0.017578125 0.361328125 0.029296875 0.365234375 0.0390625 0.375 0.041015625 0.388671875 0.04296875 0.3984375 0.041015625 0.408203125 0.033203125 0.4140625 0.025390625 0.419921875 0.013671875 0.423828125 0.005859375 0.423828125 0 0.421875
0 0.306640625 0.361328125 0.294921875 0.361328125 0.279296875 0.361328125 0.26953125 0.369140625 0.2578125 0.376953125 0.251953125 0.388671875 0.251953125 0.400390625 0.251953125 0.41015625 0.263671875 0.421875 0.2734375 0.4296875 0.28515625 0.43359375 0.298828125 0.435546875 0.310546875 0.431640625 0.318359375 0.427734375 0.330078125 0.412109375 0.333984375 0.40234375 0.33203125 0.38671875 0.31640625 0.3671875
0 0.453125 0.251953125 0.443359375 0.251953125 0.435546875 0.255859375 0.427734375 0.259765625 0.419921875 0.267578125 0.41796875 0.275390625 0.416015625 0.287109375 0.416015625 0.298828125 0.41796875 0.302734375 0.427734375 0.314453125 0.44140625 0.314453125 0.44921875 0.310546875 0.458984375 0.302734375 0.462890625 0.294921875 0.46484375 0.283203125 0.46484375 0.275390625 0.46484375 0.267578125 0.4609375 0.259765625
0 0.40234375 0.373046875 0.408203125 0.373046875 0.416015625 0.376953125 0.419921875 0.380859375 0.421875 0.388671875 0.421875 0.400390625 0.416015625 0.40625 0.412109375 0.408203125 0.404296875 0.408203125 0.396484375 0.404296875 0.39453125 0.396484375 0.392578125 0.388671875 0.392578125 0.37890625
0 0.587890625 0.388671875 0.595703125 0.3828125 0.599609375 0.380859375 0.61328125 0.380859375 0.625 0.390625 0.630859375 0.40234375 0.6328125 0.4140625 0.630859375 0.423828125 0.623046875 0.435546875 0.615234375 0.439453125 0.609375 0.439453125 0.603515625 0.435546875 0.59765625 0.431640625 0.591796875 0.423828125 0.58984375 0.4140625 0.587890625 0.40625 0.587890625 0.40234375
0 0.724609375 0.47265625 0.716796875 0.46875 0.705078125 0.466796875 0.69140625 0.46875 0.681640625 0.470703125 0.673828125 0.474609375 0.669921875 0.482421875 0.669921875 0.490234375 0.671875 0.49609375 0.67578125 0.50390625 0.681640625 0.509765625 0.6875 0.513671875 0.6953125 0.51953125 0.705078125 0.521484375 0.71484375 0.521484375 0.724609375 0.517578125 0.728515625 0.513671875 0.734375 0.505859375 0.736328125 0.5 0.736328125 0.48828125 0.732421875 0.482421875
0 0.361328125 0.53125 0.369140625 0.521484375 0.380859375 0.513671875 0.392578125 0.5078125 0.404296875 0.505859375 0.416015625 0.51171875 0.421875 0.517578125 0.42578125 0.533203125 0.42578125 0.54296875 0.419921875 0.556640625 0.400390625 0.576171875 0.390625 0.580078125 0.37890625 0.576171875 0.375 0.576171875 0.3671875 0.572265625 0.36328125 0.568359375 0.357421875 0.560546875 0.357421875 0.552734375
0 0.29296875 0.56640625 0.298828125 0.55859375 0.306640625 0.55859375 0.31640625 0.5625 0.322265625 0.56640625 0.328125 0.572265625 0.330078125 0.576171875 0.33203125 0.580078125 0.330078125 0.587890625 0.326171875 0.591796875 0.322265625 0.595703125 0.31640625 0.59765625 0.310546875 0.59765625 0.302734375 0.59375 0.298828125 0.591796875 0.294921875 0.587890625 0.291015625 0.583984375 0.291015625 0.580078125
0 0.435546875 0.755859375 0.4453125 0.751953125 0.455078125 0.748046875 0.4765625 0.75 0.486328125 0.7578125 0.494140625 0.765625 0.5 0.775390625 0.50390625 0.787109375 0.5 0.802734375 0.490234375 0.810546875 0.478515625 0.814453125 0.462890625 0.814453125 0.451171875 0.810546875 0.44140625 0.810546875 0.423828125 0.787109375 0.421875 0.775390625 0.423828125 0.76953125
0 0.611328125 0.806640625 0.60546875 0.806640625 0.595703125 0.810546875 0.58984375 0.81640625 0.583984375 0.822265625 0.580078125 0.830078125 0.580078125 0.837890625 0.583984375 0.845703125 0.58984375 0.8515625 0.603515625 0.853515625 0.609375 0.8515625 0.623046875 0.841796875 0.626953125 0.833984375 0.630859375 0.828125 0.630859375 0.822265625 0.626953125 0.814453125 0.623046875 0.810546875
0 0.998046875 0.783203125 0.990234375 0.779296875 0.984375 0.775390625 0.974609375 0.779296875 0.966796875 0.783203125 0.962890625 0.791015625 0.9609375 0.798828125 0.9609375 0.806640625 0.962890625 0.814453125 0.966796875 0.8203125 0.9765625 0.82421875 0.982421875 0.82421875 0.98828125 0.82421875 0.9921875 0.822265625 0.99609375 0.822265625 0.998046875 0.818359375 0.998046875 0.81640625