0 0.185546875 0.048828125 0.173828125 0.052734375 0.166015625 0.060546875 0.16015625 0.068359375 0.154296875 0.080078125 0.15234375 0.111328125 0.16015625 0.130859375 0.171875 0.142578125 0.1875 0.150390625 0.205078125 0.154296875 0.220703125 0.1484375 0.2421875 0.13671875 0.248046875 0.125 0.255859375 0.10546875 0.255859375 0.08984375 0.25390625 0.07421875 0.25 0.064453125 0.2421875 0.056640625 0.232421875 0.05078125 0.21875 0.044921875 0.208984375 0.044921875 0.203125 0.044921875
0 0.66015625 0.14453125 0.66796875 0.142578125 0.677734375 0.146484375 0.681640625 0.15234375 0.69140625 0.16796875 0.693359375 0.1796875 0.69140625 0.1875 0.685546875 0.197265625 0.67578125 0.203125 0.6640625 0.20703125 0.65234375 0.20703125 0.64453125 0.201171875 0.640625 0.1953125 0.638671875 0.18359375 0.638671875 0.173828125 0.640625 0.1640625 0.64453125 0.154296875 0.6484375 0.150390625
0 0.35546875 0.197265625 0.349609375 0.19921875 0.345703125 0.203125 0.341796875 0.208984375 0.341796875 0.21484375 0.345703125 0.22265625 0.349609375 0.224609375 0.35546875 0.22265625 0.357421875 0.220703125 0.361328125 0.21484375 0.36328125 0.2109375 0.361328125 0.205078125
0 0.4296875 0.259765625 0.419921875 0.263671875 0.412109375 0.271484375 0.408203125 0.279296875 0.404296875 0.291015625 0.40625 0.30078125 0.408203125 0.310546875 0.412109375 0.31640625 0.419921875 0.3203125 0.4296875 0.3203125 0.439453125 0.31640625 0.447265625 0.310546875 0.455078125 0.302734375 0.45703125 0.29296875 0.45703125 0.28125 0.453125 0.271484375 0.44921875 0.265625 0.4453125 0.263671875
0 0.517578125 0.34765625 0.51171875 0.34765625 0.5 0.349609375 0.490234375 0.35546875 0.482421875 0.376953125 0.484375 0.388671875 0.48828125 0.396484375 0.49609375 0.40625 0.505859375 0.41015625 0.513671875 0.412109375 0.525390625 0.408203125 0.533203125 0.40234375 0.5390625 0.39453125 0.5390625 0.3828125 0.5390625 0.373046875 0.53515625 0.36328125 0.529296875 0.357421875
0 0.58984375 0.494140625 0.59375 0.486328125 0.599609375 0.48046875 0.609375 0.4765625 0.62109375 0.474609375 0.630859375 0.4765625 0.638671875 0.478515625 0.642578125 0.486328125 0.646484375 0.494140625 0.64453125 0.50390625 0.638671875 0.513671875 0.630859375 0.51953125 0.619140625 0.521484375 0.611328125 0.5234375 0.60546875 0.5234375 0.6015625 0.521484375 0.595703125 0.517578125 0.59375 0.515625 0.587890625 0.505859375 0.587890625 0.50390625
0 0.09375 0.47265625 0.1015625 0.470703125 0.111328125 0.46875 0.123046875 0.470703125 0.13671875 0.474609375 0.142578125 0.482421875 0.146484375 0.4921875 0.146484375 0.5 0.140625 0.5078125 0.1328125 0.51171875 0.123046875 0.513671875 0.11328125 0.515625 0.103515625 0.513671875 0.09765625 0.51171875 0.0859375 0.50390625 0.08203125 0.498046875 0.08203125 0.4921875 0.08203125 0.48828125
0 0.228515625 0.56640625 0.234375 0.55859375 0.236328125 0.552734375 0.2421875 0.548828125 0.248046875 0.546875 0.255859375 0.546875 0.267578125 0.552734375 0.271484375 0.556640625 0.275390625 0.56640625 0.27734375 0.578125 0.27734375 0.591796875 0.2734375 0.59765625 0.26953125 0.603515625 0.259765625 0.607421875 0.25 0.607421875 0.244140625 0.60546875 0.23828125 0.6015625 0.234375 0.599609375 0.23046875 0.59375 0.228515625 0.58984375
0 0.333984375 0.55078125 0.328125 0.552734375 0.322265625 0.5546875 0.318359375 0.560546875 0.31640625 0.56640625 0.318359375 0.576171875 0.3203125 0.58203125 0.32421875 0.58984375 0.3359375 0.59375 0.34375 0.591796875 0.349609375 0.587890625 0.3515625 0.58203125 0.3515625 0.576171875 0.3515625 0.5703125 0.3515625 0.564453125 0.345703125 0.556640625
0 0.40234375 0.5 0.39453125 0.5 0.38671875 0.50390625 0.37890625 0.509765625 0.375 0.515625 0.37109375 0.5234375 0.37109375 0.529296875 0.369140625 0.537109375 0.369140625 0.546875 0.373046875 0.5546875 0.380859375 0.560546875 0.38671875 0.5625 0.392578125 0.564453125 0.400390625 0.564453125 0.408203125 0.5625 0.4140625 0.55859375 0.421875 0.552734375 0.423828125 0.548828125 0.427734375 0.5390625 0.4296875 0.53515625 0.4296875 0.52734375 0.431640625 0.521484375 0.4296875 0.513671875 0.42578125 0.5078125 0.419921875 0.50390625
0 0.55859375 0.53515625 0.55859375 0.52734375 0.5625 0.521484375 0.56640625 0.515625 0.572265625 0.51171875 0.578125 0.5078125 0.58203125 0.5078125 0.587890625 0.505859375 0.59765625 0.505859375 0.603515625 0.505859375 0.611328125 0.509765625 0.619140625 0.517578125 0.623046875 0.525390625 0.625 0.533203125 0.62109375 0.54296875 0.615234375 0.55078125 0.59375 0.564453125 0.587890625 0.56640625 0.580078125 0.56640625 0.572265625 0.568359375 0.568359375 0.56640625 0.564453125 0.5625 0.560546875 0.55859375 0.556640625 0.552734375 0.556640625 0.55078125