0 0.173828125 0.001953125 0.177734375 0.017578125 0.173828125 0.041015625 0.162109375 0.056640625 0.142578125 0.068359375 0.119140625 0.072265625 0.09765625 0.07421875 0.078125 0.060546875 0.068359375 0.044921875 0.060546875 0.021484375 0.064453125 0.005859375
0 0.021484375 0.13671875 0.033203125 0.134765625 0.044921875 0.13671875 0.056640625 0.138671875 0.06640625 0.14453125 0.080078125 0.16015625 0.080078125 0.16796875 0.076171875 0.17578125 0.07421875 0.177734375 0.068359375 0.17578125 0.056640625 0.1796875 0.041015625 0.173828125 0.03125 0.169921875 0.029296875 0.16796875 0.0234375 0.162109375 0.021484375 0.150390625 0.01953125 0.142578125
0 0.037109375 0.265625 0.048828125 0.259765625 0.060546875 0.259765625 0.08203125 0.271484375 0.08203125 0.28125 0.07421875 0.291015625 0.068359375 0.296875 0.0625 0.298828125 0.052734375 0.30078125 0.04296875 0.30078125 0.03125 0.28515625 0.03125 0.279296875
0 0.224609375 0.052734375 0.216796875 0.0546875 0.212890625 0.056640625 0.20703125 0.056640625 0.203125 0.0625 0.201171875 0.068359375 0.19921875 0.076171875 0.212890625 0.091796875 0.216796875 0.091796875 0.224609375 0.087890625 0.236328125 0.072265625 0.236328125 0.06640625 0.234375 0.0625
0 0.21484375 0.041015625 0.224609375 0.017578125 0.234375 0.017578125 0.255859375 0.044921875 0.255859375 0.052734375 0.255859375 0.060546875 0.248046875 0.068359375 0.240234375 0.072265625 0.236328125 0.072265625
0 0.642578125 0.05859375 0.650390625 0.046875 0.66015625 0.04296875 0.671875 0.041015625 0.681640625 0.048828125 0.689453125 0.056640625 0.689453125 0.06640625 0.6875 0.072265625 0.68359375 0.076171875 0.677734375 0.080078125 0.673828125 0.08203125 0.6640625 0.083984375 0.658203125 0.083984375 0.654296875 0.083984375 0.6484375 0.080078125 0.646484375 0.076171875 0.642578125 0.07421875
0 0.84375 0.095703125 0.853515625 0.087890625 0.87109375 0.0859375 0.888671875 0.091796875 0.896484375 0.107421875 0.89453125 0.115234375 0.884765625 0.125 0.876953125 0.12890625 0.86328125 0.130859375 0.849609375 0.130859375 0.833984375 0.12890625 0.828125 0.1171875
0 0.8984375 0.146484375 0.91015625 0.134765625 0.916015625 0.1328125 0.921875 0.134765625 0.931640625 0.150390625 0.9296875 0.162109375 0.921875 0.17578125 0.9140625 0.181640625 0.912109375 0.181640625 0.90234375 0.181640625 0.892578125 0.1796875 0.888671875 0.171875 0.888671875 0.158203125
0 0.826171875 0.169921875 0.833984375 0.166015625 0.845703125 0.1640625 0.859375 0.169921875 0.8671875 0.197265625 0.86328125 0.203125 0.853515625 0.208984375 0.841796875 0.208984375 0.833984375 0.205078125 0.82421875 0.201171875 0.818359375 0.19140625 0.818359375 0.18359375
0 0.78515625 0.234375 0.794921875 0.22265625 0.806640625 0.220703125 0.81640625 0.22265625 0.822265625 0.240234375 0.8203125 0.248046875 0.814453125 0.259765625 0.80859375 0.263671875 0.80078125 0.265625 0.791015625 0.265625 0.78125 0.248046875
0 0.677734375 0.306640625 0.685546875 0.2890625 0.693359375 0.283203125 0.701171875 0.28125 0.716796875 0.291015625 0.716796875 0.298828125 0.7109375 0.306640625 0.708984375 0.310546875 0.705078125 0.314453125 0.701171875 0.318359375 0.697265625 0.318359375 0.689453125 0.318359375 0.68359375 0.314453125
0 0.693359375 0.3515625 0.71484375 0.349609375 0.728515625 0.353515625 0.73828125 0.361328125 0.748046875 0.380859375 0.748046875 0.404296875 0.736328125 0.416015625 0.724609375 0.423828125 0.705078125 0.423828125 0.693359375 0.416015625 0.68359375 0.408203125 0.673828125 0.396484375 0.673828125 0.369140625
0 0.533203125 0.564453125 0.515625 0.56640625 0.498046875 0.580078125 0.49609375 0.5859375 0.49609375 0.595703125 0.517578125 0.62109375 0.537109375 0.615234375 0.552734375 0.58984375 0.55078125 0.580078125 0.544921875 0.572265625
0 0.669921875 0.513671875 0.685546875 0.501953125 0.689453125 0.498046875 0.703125 0.50390625 0.716796875 0.517578125 0.716796875 0.521484375 0.697265625 0.53515625 0.689453125 0.537109375 0.677734375 0.53515625 0.669921875 0.53515625 0.666015625 0.533203125
0 0.619140625 0.779296875 0.642578125 0.7734375 0.65625 0.748046875 0.654296875 0.734375 0.638671875 0.724609375 0.62109375 0.7265625 0.60546875 0.736328125 0.595703125 0.75 0.591796875 0.765625 0.611328125 0.783203125
0 0.439453125 0.96875 0.431640625 0.978515625 0.416015625 0.990234375 0.412109375 0.98828125 0.40625 0.978515625 0.40625 0.966796875 0.408203125 0.958984375 0.419921875 0.9453125 0.4375 0.955078125
0 0.888671875 0.875 0.880859375 0.876953125 0.869140625 0.8828125 0.861328125 0.896484375 0.857421875 0.912109375 0.87890625 0.935546875 0.896484375 0.931640625 0.912109375 0.91015625 0.912109375 0.900390625 0.908203125 0.890625 0.90234375 0.880859375
0 0.912109375 0.873046875 0.923828125 0.8671875 0.9375 0.87109375 0.943359375 0.8828125 0.947265625 0.896484375 0.939453125 0.912109375 0.931640625 0.91796875 0.921875 0.919921875 0.904296875 0.91796875 0.892578125 0.908203125 0.890625 0.892578125