0 0.00390625 0.16015625 0.013671875 0.16796875 0.021484375 0.16796875 0.02734375 0.1640625 0.03125 0.16015625 0.033203125 0.15234375 0.03125 0.14453125 0.02734375 0.140625 0.021484375 0.138671875 0.015625 0.138671875 0.01171875 0.140625 0.0078125 0.142578125 0.005859375 0.142578125 0.00390625 0.146484375
0 0.001953125 0.28515625 0.013671875 0.283203125 0.021484375 0.283203125 0.033203125 0.291015625 0.0390625 0.302734375 0.041015625 0.310546875 0.03515625 0.318359375 0.025390625 0.32421875 0.01953125 0.326171875 0.01171875 0.328125 0.005859375 0.328125 0.001953125 0.326171875
0 0.380859375 0.294921875 0.375 0.29296875 0.369140625 0.296875 0.365234375 0.302734375 0.36328125 0.310546875 0.361328125 0.3203125 0.361328125 0.326171875 0.3671875 0.330078125 0.37109375 0.333984375 0.380859375 0.330078125 0.3828125 0.32421875 0.384765625 0.314453125 0.384765625 0.306640625 0.384765625 0.298828125
0 0.427734375 0.259765625 0.439453125 0.25390625 0.44921875 0.251953125 0.458984375 0.255859375 0.466796875 0.265625 0.466796875 0.27734375 0.46484375 0.291015625 0.45703125 0.3046875 0.447265625 0.310546875 0.439453125 0.3125 0.431640625 0.3125 0.42578125 0.306640625 0.421875 0.298828125 0.416015625 0.2890625 0.41796875 0.279296875
0 0.294921875 0.4375 0.306640625 0.435546875 0.318359375 0.4375 0.326171875 0.443359375 0.33203125 0.453125 0.3359375 0.46484375 0.3359375 0.478515625 0.330078125 0.490234375 0.318359375 0.498046875 0.30859375 0.5 0.298828125 0.498046875 0.287109375 0.49609375 0.279296875 0.490234375 0.275390625 0.478515625 0.27734375 0.462890625 0.283203125 0.44921875
0 0.55078125 0.40625 0.537109375 0.40625 0.529296875 0.412109375 0.5234375 0.423828125 0.51953125 0.4375 0.521484375 0.447265625 0.529296875 0.453125 0.537109375 0.4609375 0.552734375 0.462890625 0.5625 0.458984375 0.568359375 0.451171875 0.572265625 0.443359375 0.572265625 0.43359375 0.568359375 0.419921875 0.564453125 0.412109375 0.560546875 0.408203125
0 0.580078125 0.439453125 0.59375 0.4375 0.6015625 0.43359375 0.609375 0.427734375 0.615234375 0.421875 0.619140625 0.412109375 0.619140625 0.400390625 0.611328125 0.392578125 0.599609375 0.392578125 0.591796875 0.390625 0.583984375 0.392578125 0.57421875 0.39453125 0.568359375 0.3984375 0.564453125 0.404296875 0.560546875 0.412109375 0.560546875 0.416015625 0.564453125 0.427734375
0 0.306640625 0.544921875 0.314453125 0.54296875 0.322265625 0.546875 0.33203125 0.55078125 0.3359375 0.560546875 0.337890625 0.568359375 0.337890625 0.578125 0.333984375 0.587890625 0.330078125 0.58984375 0.322265625 0.587890625 0.314453125 0.583984375 0.310546875 0.578125 0.306640625 0.568359375 0.302734375 0.560546875 0.302734375 0.552734375
0 0.3671875 0.5234375 0.376953125 0.515625 0.384765625 0.509765625 0.392578125 0.505859375 0.404296875 0.505859375 0.41015625 0.509765625 0.41796875 0.513671875 0.423828125 0.51953125 0.427734375 0.525390625 0.4296875 0.533203125 0.427734375 0.541015625 0.423828125 0.552734375 0.41796875 0.560546875 0.41015625 0.568359375 0.404296875 0.572265625 0.388671875 0.576171875 0.3828125 0.576171875 0.373046875 0.5703125 0.365234375 0.564453125 0.36328125 0.55859375 0.361328125 0.548828125 0.361328125 0.544921875
0 0.318359375 0.720703125 0.310546875 0.724609375 0.302734375 0.732421875 0.296875 0.74609375 0.298828125 0.755859375 0.30078125 0.76171875 0.3046875 0.771484375 0.3125 0.77734375 0.32421875 0.775390625 0.3359375 0.767578125 0.341796875 0.7578125 0.345703125 0.74609375 0.345703125 0.73828125 0.34375 0.728515625 0.341796875 0.720703125 0.33203125 0.71875
0 0.583984375 0.814453125 0.568359375 0.806640625 0.548828125 0.8046875 0.521484375 0.818359375 0.517578125 0.830078125 0.517578125 0.841796875 0.51953125 0.849609375 0.5390625 0.869140625 0.552734375 0.875 0.572265625 0.875 0.587890625 0.869140625 0.59375 0.861328125 0.6015625 0.845703125 0.603515625 0.8359375 0.59765625 0.826171875
0 0.982421875 0.8828125 0.9765625 0.888671875 0.966796875 0.892578125 0.958984375 0.892578125 0.955078125 0.890625 0.94921875 0.888671875 0.94140625 0.880859375 0.943359375 0.873046875 0.9609375 0.861328125 0.970703125 0.861328125 0.974609375 0.861328125 0.98046875 0.865234375 0.982421875 0.8671875 0.986328125 0.873046875