0 0.111328125 0.02734375 0.103515625 0.03515625 0.099609375 0.04296875 0.09765625 0.056640625 0.099609375 0.0625 0.107421875 0.0703125 0.1171875 0.078125 0.1328125 0.080078125 0.1484375 0.072265625 0.1640625 0.048828125 0.162109375 0.033203125 0.154296875 0.0234375 0.140625 0.017578125 0.126953125 0.01953125
0 0.18359375 0.052734375 0.19140625 0.0546875 0.197265625 0.052734375 0.205078125 0.05078125 0.208984375 0.04296875 0.208984375 0.033203125 0.205078125 0.025390625 0.189453125 0.01953125 0.181640625 0.01953125 0.17578125 0.025390625 0.169921875 0.033203125 0.169921875 0.041015625 0.173828125 0.044921875
0 0.224609375 0.064453125 0.224609375 0.07421875 0.228515625 0.08203125 0.236328125 0.087890625 0.24609375 0.0859375 0.25390625 0.080078125 0.255859375 0.072265625 0.25390625 0.060546875 0.24609375 0.052734375 0.236328125 0.048828125 0.23046875 0.052734375
0 0.041015625 0.291015625 0.048828125 0.287109375 0.05859375 0.287109375 0.0703125 0.29296875 0.07421875 0.298828125 0.07421875 0.306640625 0.060546875 0.322265625 0.052734375 0.328125 0.041015625 0.326171875 0.033203125 0.31640625 0.03125 0.306640625 0.033203125 0.30078125
0 0.6953125 0.078125 0.689453125 0.076171875 0.681640625 0.076171875 0.669921875 0.083984375 0.66796875 0.087890625 0.669921875 0.095703125 0.669921875 0.099609375 0.673828125 0.103515625 0.6796875 0.10546875 0.68359375 0.10546875 0.6875 0.10546875 0.69140625 0.103515625 0.701171875 0.09375
0 0.939453125 0.060546875 0.93359375 0.056640625 0.92578125 0.056640625 0.919921875 0.060546875 0.912109375 0.0625 0.908203125 0.068359375 0.90625 0.07421875 0.904296875 0.080078125 0.90625 0.087890625 0.908203125 0.095703125 0.9140625 0.099609375 0.923828125 0.1015625 0.93359375 0.099609375 0.939453125 0.09375 0.947265625 0.080078125 0.94921875 0.0703125
0 0.927734375 0.162109375 0.935546875 0.166015625 0.943359375 0.169921875 0.94921875 0.177734375 0.951171875 0.193359375 0.947265625 0.205078125 0.9375 0.205078125 0.92578125 0.205078125 0.91796875 0.201171875 0.9140625 0.19140625 0.912109375 0.181640625 0.912109375 0.171875 0.916015625 0.16796875
0 0.919921875 0.240234375 0.931640625 0.248046875 0.943359375 0.24609375 0.94921875 0.240234375 0.951171875 0.228515625 0.947265625 0.216796875 0.9375 0.208984375 0.92578125 0.205078125 0.916015625 0.205078125 0.91015625 0.208984375 0.908203125 0.216796875 0.908203125 0.220703125
0 0.802734375 0.291015625 0.810546875 0.287109375 0.818359375 0.279296875 0.818359375 0.26953125 0.81640625 0.2578125 0.810546875 0.251953125 0.798828125 0.25390625 0.787109375 0.259765625 0.78125 0.267578125 0.779296875 0.2734375 0.779296875 0.28125 0.779296875 0.283203125
0 0.69921875 0.330078125 0.708984375 0.328125 0.712890625 0.322265625 0.71484375 0.314453125 0.712890625 0.302734375 0.705078125 0.296875 0.701171875 0.294921875 0.689453125 0.30078125 0.68359375 0.306640625 0.681640625 0.310546875 0.6796875 0.318359375 0.6796875 0.322265625 0.681640625 0.32421875 0.68359375 0.328125
0 0.791015625 0.388671875 0.775390625 0.396484375 0.76953125 0.412109375 0.771484375 0.423828125 0.775390625 0.439453125 0.787109375 0.44921875 0.802734375 0.455078125 0.814453125 0.44921875 0.8203125 0.44140625 0.826171875 0.427734375 0.826171875 0.4140625 0.810546875 0.390625 0.802734375 0.388671875
0 0.708984375 0.552734375 0.716796875 0.552734375 0.72265625 0.548828125 0.7265625 0.54296875 0.728515625 0.53515625 0.728515625 0.52734375 0.72265625 0.521484375 0.712890625 0.51953125 0.70703125 0.51953125 0.697265625 0.525390625 0.693359375 0.529296875 0.689453125 0.537109375 0.69140625 0.544921875 0.693359375 0.548828125
0 0.46875 0.65234375 0.482421875 0.650390625 0.48828125 0.6484375 0.4921875 0.642578125 0.49609375 0.634765625 0.498046875 0.623046875 0.4921875 0.611328125 0.478515625 0.603515625 0.466796875 0.6015625 0.451171875 0.615234375 0.447265625 0.623046875 0.44921875 0.630859375 0.451171875 0.638671875 0.451171875 0.638671875
0 0.552734375 0.810546875 0.537109375 0.814453125 0.521484375 0.818359375 0.51171875 0.826171875 0.5 0.837890625 0.49609375 0.85546875 0.50390625 0.8671875 0.51171875 0.87109375 0.525390625 0.869140625 0.537109375 0.865234375 0.544921875 0.859375 0.552734375 0.8515625 0.560546875 0.845703125 0.564453125 0.837890625 0.568359375 0.830078125 0.56640625 0.8203125 0.564453125 0.81640625
0 0.865234375 0.884765625 0.857421875 0.884765625 0.849609375 0.884765625 0.845703125 0.892578125 0.841796875 0.900390625 0.84375 0.908203125 0.845703125 0.9140625 0.84765625 0.916015625 0.861328125 0.923828125 0.869140625 0.923828125 0.873046875 0.923828125 0.876953125 0.919921875 0.880859375 0.916015625 0.8828125 0.908203125 0.8828125 0.90234375 0.880859375 0.896484375 0.87890625 0.890625
0 0.916015625 0.939453125 0.935546875 0.9375 0.947265625 0.943359375 0.958984375 0.966796875 0.958984375 0.978515625 0.951171875 0.986328125 0.939453125 0.994140625 0.923828125 0.994140625 0.919921875 0.9921875 0.900390625 0.978515625 0.896484375 0.96875 0.896484375 0.958984375