0 0.00390625 0.142578125 0.013671875 0.138671875 0.01953125 0.13671875 0.025390625 0.138671875 0.029296875 0.142578125 0.029296875 0.150390625 0.02734375 0.158203125 0.021484375 0.162109375 0.015625 0.1640625 0.005859375 0.1640625 0.00390625 0.162109375
0 0.056640625 0.390625 0.04296875 0.384765625 0.03515625 0.3828125 0.021484375 0.388671875 0.013671875 0.396484375 0.009765625 0.40625 0.009765625 0.412109375 0.009765625 0.421875 0.013671875 0.423828125 0.01953125 0.435546875 0.029296875 0.443359375 0.041015625 0.4453125 0.060546875 0.439453125 0.068359375 0.43359375 0.07421875 0.42578125 0.076171875 0.416015625 0.076171875 0.412109375 0.072265625 0.404296875
0 0.005859375 0.291015625 0.01171875 0.2890625 0.025390625 0.29296875 0.041015625 0.298828125 0.056640625 0.3125 0.068359375 0.330078125 0.072265625 0.34765625 0.072265625 0.36328125 0.072265625 0.373046875 0.060546875 0.396484375 0.029296875 0.412109375 0.021484375 0.416015625 0.013671875 0.419921875 0.0078125 0.419921875 0.001953125 0.41796875 0.001953125 0.416015625 0 0.294921875
0 0.283203125 0.365234375 0.271484375 0.36328125 0.255859375 0.361328125 0.22265625 0.38671875 0.220703125 0.396484375 0.224609375 0.408203125 0.2265625 0.419921875 0.244140625 0.4375 0.248046875 0.439453125 0.26171875 0.443359375 0.2734375 0.44140625 0.283203125 0.4375 0.2890625 0.431640625 0.294921875 0.42578125 0.30078125 0.41796875 0.302734375 0.408203125 0.302734375 0.400390625 0.298828125 0.388671875 0.291015625 0.380859375
0 0.455078125 0.255859375 0.4453125 0.255859375 0.431640625 0.259765625 0.42578125 0.267578125 0.421875 0.275390625 0.41796875 0.287109375 0.419921875 0.302734375 0.423828125 0.310546875 0.4375 0.3125 0.4453125 0.310546875 0.455078125 0.306640625 0.4609375 0.298828125 0.466796875 0.287109375 0.466796875 0.27734375 0.46484375 0.26953125 0.462890625 0.259765625
0 0.412109375 0.40625 0.4140625 0.400390625 0.423828125 0.396484375 0.4296875 0.396484375 0.439453125 0.40234375 0.447265625 0.416015625 0.447265625 0.427734375 0.439453125 0.435546875 0.431640625 0.435546875 0.42578125 0.435546875 0.419921875 0.431640625 0.416015625 0.42578125 0.412109375 0.419921875
0 0.599609375 0.384765625 0.5859375 0.380859375 0.57421875 0.3828125 0.564453125 0.390625 0.560546875 0.3984375 0.55859375 0.41015625 0.5703125 0.4296875 0.5859375 0.43359375 0.599609375 0.435546875 0.607421875 0.431640625 0.615234375 0.42578125 0.619140625 0.416015625 0.6171875 0.40234375 0.611328125 0.392578125
0 0.359375 0.53515625 0.375 0.513671875 0.38671875 0.509765625 0.396484375 0.505859375 0.40625 0.509765625 0.416015625 0.517578125 0.419921875 0.529296875 0.421875 0.541015625 0.419921875 0.556640625 0.408203125 0.5703125 0.396484375 0.576171875 0.38671875 0.578125 0.376953125 0.576171875 0.37109375 0.572265625 0.36328125 0.564453125 0.359375 0.556640625 0.357421875 0.552734375
0 0.291015625 0.572265625 0.30078125 0.55859375 0.306640625 0.55859375 0.314453125 0.560546875 0.3203125 0.564453125 0.326171875 0.568359375 0.330078125 0.576171875 0.330078125 0.580078125 0.330078125 0.5859375 0.32421875 0.591796875 0.318359375 0.595703125 0.314453125 0.595703125 0.30859375 0.595703125 0.302734375 0.595703125 0.298828125 0.591796875 0.294921875 0.587890625 0.294921875 0.5859375 0.291015625 0.580078125 0.2890625 0.572265625 0.2890625 0.568359375 0.291015625 0.564453125
0 0.779296875 0.51171875 0.77734375 0.501953125 0.771484375 0.494140625 0.76171875 0.48828125 0.748046875 0.486328125 0.7421875 0.48828125 0.71875 0.498046875 0.712890625 0.509765625 0.708984375 0.5234375 0.71484375 0.537109375 0.732421875 0.552734375 0.740234375 0.560546875 0.759765625 0.5625 0.771484375 0.55859375 0.77734375 0.5546875 0.78515625 0.544921875 0.787109375 0.53515625 0.787109375 0.52734375 0.78515625 0.51953125
0 0.517578125 0.779296875 0.53125 0.775390625 0.544921875 0.775390625 0.560546875 0.77734375 0.572265625 0.787109375 0.576171875 0.796875 0.576171875 0.806640625 0.57421875 0.814453125 0.568359375 0.822265625 0.560546875 0.826171875 0.548828125 0.830078125 0.537109375 0.830078125 0.525390625 0.830078125 0.51171875 0.828125 0.50390625 0.822265625 0.501953125 0.810546875 0.5 0.798828125 0.50390625 0.791015625
0 0.67578125 0.775390625 0.666015625 0.775390625 0.66015625 0.775390625 0.646484375 0.78125 0.634765625 0.791015625 0.626953125 0.802734375 0.625 0.8125 0.626953125 0.818359375 0.634765625 0.826171875 0.646484375 0.828125 0.662109375 0.822265625 0.673828125 0.814453125 0.681640625 0.806640625 0.685546875 0.802734375 0.689453125 0.794921875 0.689453125 0.7890625 0.685546875 0.779296875
0 0.998046875 0.7421875 0.986328125 0.751953125 0.974609375 0.759765625 0.970703125 0.767578125 0.966796875 0.779296875 0.96484375 0.787109375 0.96484375 0.796875 0.970703125 0.810546875 0.974609375 0.814453125 0.982421875 0.8203125 0.990234375 0.826171875 0.998046875 0.830078125