0 0.00390625 0.162109375 0.017578125 0.166015625 0.025390625 0.166015625 0.033203125 0.16015625 0.037109375 0.150390625 0.033203125 0.138671875 0.025390625 0.138671875 0.013671875 0.138671875 0.005859375 0.138671875 0.001953125 0.14453125 0.001953125 0.150390625
0 0.423828125 0.306640625 0.431640625 0.310546875 0.443359375 0.310546875 0.453125 0.306640625 0.4609375 0.298828125 0.466796875 0.287109375 0.466796875 0.275390625 0.462890625 0.263671875 0.455078125 0.2578125 0.4453125 0.255859375 0.439453125 0.255859375 0.43359375 0.259765625 0.423828125 0.271484375 0.419921875 0.279296875 0.419921875 0.28515625 0.419921875 0.296875
0 0.556640625 0.353515625 0.548828125 0.353515625 0.541015625 0.359375 0.53515625 0.369140625 0.533203125 0.3828125 0.533203125 0.392578125 0.541015625 0.412109375 0.552734375 0.4140625 0.564453125 0.41015625 0.576171875 0.388671875 0.580078125 0.380859375 0.578125 0.373046875 0.56640625 0.353515625
0 0.568359375 0.443359375 0.583984375 0.439453125 0.591796875 0.431640625 0.59765625 0.421875 0.6015625 0.412109375 0.599609375 0.40234375 0.59375 0.392578125 0.583984375 0.38671875 0.568359375 0.38671875 0.564453125 0.388671875 0.560546875 0.396484375 0.556640625 0.40234375 0.55078125 0.423828125 0.552734375 0.431640625 0.55859375 0.439453125
0 0.384765625 0.271484375 0.376953125 0.271484375 0.373046875 0.279296875 0.37109375 0.291015625 0.373046875 0.294921875 0.376953125 0.296875 0.380859375 0.296875 0.384765625 0.294921875 0.388671875 0.291015625 0.390625 0.283203125 0.388671875 0.27734375
0 0.32421875 0.4453125 0.333984375 0.443359375 0.34765625 0.447265625 0.361328125 0.455078125 0.369140625 0.46484375 0.369140625 0.474609375 0.369140625 0.48828125 0.361328125 0.494140625 0.353515625 0.5 0.341796875 0.501953125 0.330078125 0.501953125 0.318359375 0.5 0.3046875 0.494140625 0.298828125 0.482421875 0.30078125 0.46875 0.310546875 0.453125
0 0.373046875 0.529296875 0.384765625 0.517578125 0.396484375 0.51171875 0.416015625 0.51171875 0.423828125 0.51953125 0.4296875 0.52734375 0.4296875 0.5390625 0.42578125 0.552734375 0.419921875 0.564453125 0.390625 0.576171875 0.37109375 0.568359375 0.365234375 0.556640625 0.3671875 0.546875
0 0.30859375 0.544921875 0.318359375 0.541015625 0.322265625 0.541015625 0.330078125 0.546875 0.337890625 0.552734375 0.341796875 0.564453125 0.341796875 0.576171875 0.333984375 0.58203125 0.328125 0.583984375 0.322265625 0.583984375 0.318359375 0.58203125 0.314453125 0.576171875 0.310546875 0.5703125 0.306640625 0.564453125 0.306640625 0.55859375
0 0.310546875 0.685546875 0.32421875 0.681640625 0.333984375 0.677734375 0.3515625 0.677734375 0.357421875 0.681640625 0.361328125 0.689453125 0.36328125 0.697265625 0.361328125 0.705078125 0.34375 0.716796875 0.337890625 0.720703125 0.328125 0.720703125 0.322265625 0.720703125 0.314453125 0.716796875 0.310546875 0.712890625 0.306640625 0.701171875 0.30859375 0.6953125
0 0.490234375 0.806640625 0.505859375 0.802734375 0.521484375 0.8046875 0.533203125 0.810546875 0.541015625 0.81640625 0.546875 0.826171875 0.544921875 0.837890625 0.533203125 0.8515625 0.521484375 0.859375 0.509765625 0.86328125 0.498046875 0.861328125 0.48828125 0.859375 0.478515625 0.853515625 0.47265625 0.841796875 0.47265625 0.83203125 0.4765625 0.822265625
0 0.892578125 0.837890625 0.904296875 0.837890625 0.912109375 0.837890625 0.91796875 0.83984375 0.921875 0.845703125 0.923828125 0.853515625 0.923828125 0.861328125 0.919921875 0.869140625 0.916015625 0.869140625 0.908203125 0.869140625 0.90234375 0.869140625 0.888671875 0.85546875 0.888671875 0.849609375 0.888671875 0.845703125