0 0.955078125 0 0.955078125 0 0.953125 0.005859375 0.953125 0.015625 0.974609375 0.04296875 0.986328125 0.041015625 0.994140625 0.033203125 0.998046875 0.02734375 0.998046875 0.0234375 0.998046875 0.001953125
0 0.005859375 0.158203125 0.013671875 0.166015625 0.0234375 0.166015625 0.029296875 0.162109375 0.037109375 0.15625 0.037109375 0.146484375 0.03125 0.140625 0.02734375 0.138671875 0.021484375 0.138671875 0.013671875 0.140625 0.0078125 0.142578125 0.00390625 0.142578125 0 0.1484375
0 0.001953125 0.3359375 0.005859375 0.337890625 0.015625 0.34375 0.021484375 0.3515625 0.021484375 0.361328125 0.021484375 0.369140625 0.017578125 0.373046875 0.009765625 0.376953125 0.005859375 0.376953125 0.001953125 0.375
0 0.375 0.271484375 0.388671875 0.26171875 0.392578125 0.265625 0.396484375 0.26953125 0.39453125 0.27734375 0.392578125 0.283203125 0.384765625 0.2890625 0.37890625 0.2890625 0.376953125 0.283203125 0.375 0.28125
0 0.4375 0.255859375 0.447265625 0.251953125 0.455078125 0.255859375 0.4609375 0.26171875 0.46484375 0.271484375 0.466796875 0.283203125 0.462890625 0.298828125 0.44140625 0.3125 0.431640625 0.3125 0.41796875 0.29296875 0.416015625 0.279296875 0.419921875 0.271484375 0.4296875 0.259765625
0 0.552734375 0.33984375 0.544921875 0.34375 0.5390625 0.349609375 0.533203125 0.35546875 0.529296875 0.365234375 0.529296875 0.369140625 0.52734375 0.373046875 0.52734375 0.384765625 0.529296875 0.3984375 0.537109375 0.404296875 0.552734375 0.40625 0.564453125 0.400390625 0.568359375 0.39453125 0.576171875 0.380859375 0.580078125 0.369140625 0.580078125 0.359375 0.576171875 0.34765625 0.56640625 0.341796875
0 0.560546875 0.44140625 0.576171875 0.439453125 0.5859375 0.43359375 0.591796875 0.42578125 0.59375 0.416015625 0.59375 0.40234375 0.58984375 0.39453125 0.58203125 0.388671875 0.572265625 0.384765625 0.564453125 0.38671875 0.560546875 0.390625 0.5546875 0.396484375 0.55078125 0.40234375 0.546875 0.412109375 0.544921875 0.416015625 0.54296875 0.421875 0.54296875 0.427734375 0.544921875 0.43359375 0.548828125 0.435546875
0 0.34765625 0.447265625 0.359375 0.447265625 0.37109375 0.455078125 0.376953125 0.462890625 0.380859375 0.470703125 0.376953125 0.484375 0.373046875 0.5 0.365234375 0.5078125 0.35546875 0.509765625 0.345703125 0.509765625 0.33203125 0.505859375 0.3203125 0.4921875 0.31640625 0.4765625 0.3203125 0.46484375 0.333984375 0.451171875
0 0.3125 0.544921875 0.318359375 0.54296875 0.322265625 0.541015625 0.328125 0.54296875 0.333984375 0.548828125 0.337890625 0.556640625 0.33984375 0.560546875 0.341796875 0.5703125 0.341796875 0.578125 0.3359375 0.583984375 0.328125 0.587890625 0.322265625 0.583984375 0.318359375 0.580078125 0.3125 0.576171875 0.310546875 0.568359375 0.306640625 0.55859375 0.306640625 0.552734375
0 0.380859375 0.513671875 0.388671875 0.509765625 0.408203125 0.505859375 0.416015625 0.5078125 0.423828125 0.51171875 0.431640625 0.51953125 0.43359375 0.52734375 0.431640625 0.5390625 0.431640625 0.552734375 0.42578125 0.5625 0.416015625 0.57421875 0.404296875 0.578125 0.376953125 0.572265625 0.365234375 0.55078125 0.36328125 0.537109375 0.3671875 0.529296875
0 0.326171875 0.673828125 0.337890625 0.669921875 0.34765625 0.66796875 0.357421875 0.671875 0.36328125 0.67578125 0.369140625 0.6796875 0.37109375 0.6875 0.369140625 0.697265625 0.365234375 0.705078125 0.35546875 0.708984375 0.345703125 0.708984375 0.337890625 0.708984375 0.328125 0.708984375 0.3203125 0.705078125 0.31640625 0.69921875 0.31640625 0.6875 0.318359375 0.68359375
0 0.478515625 0.802734375 0.49609375 0.802734375 0.509765625 0.806640625 0.517578125 0.814453125 0.525390625 0.822265625 0.52734375 0.833984375 0.525390625 0.84375 0.51953125 0.853515625 0.51171875 0.861328125 0.498046875 0.8671875 0.486328125 0.8671875 0.47265625 0.865234375 0.466796875 0.857421875 0.458984375 0.849609375 0.45703125 0.833984375 0.458984375 0.822265625
0 0.880859375 0.82421875 0.890625 0.822265625 0.8984375 0.828125 0.904296875 0.833984375 0.908203125 0.841796875 0.908203125 0.849609375 0.904296875 0.853515625 0.8984375 0.853515625 0.892578125 0.853515625 0.884765625 0.849609375 0.875 0.8359375 0.875 0.830078125