0 1 0.013671875 0.990234375 0.01171875 0.98046875 0.01171875 0.966796875 0.013671875 0.958984375 0.021484375 0.94921875 0.03125 0.947265625 0.041015625 0.9453125 0.05078125 0.9453125 0.05859375 0.951171875 0.064453125 0.958984375 0.072265625 0.970703125 0.078125 0.986328125 0.080078125 0.9921875 0.078125 0.998046875 0.076171875 0.998046875 0.076171875
0 0.013671875 0.166015625 0.0234375 0.166015625 0.029296875 0.162109375 0.033203125 0.15625 0.033203125 0.1484375 0.033203125 0.142578125 0.02734375 0.138671875 0.01953125 0.138671875 0.01171875 0.138671875 0.009765625 0.138671875 0.005859375 0.142578125 0.001953125 0.14453125 0.001953125 0.1484375 0.001953125 0.15234375 0.005859375 0.158203125
0 0.005859375 0.3515625 0.01171875 0.349609375 0.017578125 0.34765625 0.0234375 0.349609375 0.029296875 0.3515625 0.03125 0.359375 0.033203125 0.365234375 0.033203125 0.369140625 0.03125 0.376953125 0.02734375 0.380859375 0.021484375 0.384765625 0.015625 0.384765625 0.01171875 0.384765625 0.009765625 0.3828125 0.005859375 0.380859375 0.005859375 0.380859375
0 0.400390625 0.244140625 0.392578125 0.248046875 0.388671875 0.251953125 0.384765625 0.255859375 0.3828125 0.259765625 0.380859375 0.265625 0.3828125 0.271484375 0.388671875 0.271484375 0.392578125 0.271484375 0.396484375 0.26953125 0.400390625 0.267578125 0.40234375 0.263671875 0.40625 0.255859375 0.404296875 0.251953125
0 0.451171875 0.255859375 0.443359375 0.255859375 0.435546875 0.259765625 0.4296875 0.263671875 0.423828125 0.271484375 0.421875 0.279296875 0.419921875 0.287109375 0.421875 0.296875 0.423828125 0.302734375 0.42578125 0.30859375 0.4296875 0.310546875 0.43359375 0.310546875 0.447265625 0.310546875 0.45703125 0.306640625 0.462890625 0.298828125 0.46875 0.291015625 0.470703125 0.279296875 0.46875 0.267578125 0.46484375 0.259765625
0 0.544921875 0.345703125 0.556640625 0.341796875 0.56640625 0.337890625 0.572265625 0.341796875 0.580078125 0.349609375 0.58203125 0.361328125 0.58203125 0.37109375 0.580078125 0.380859375 0.572265625 0.388671875 0.564453125 0.39453125 0.5546875 0.396484375 0.546875 0.396484375 0.54296875 0.39453125 0.5390625 0.390625 0.53515625 0.380859375 0.533203125 0.369140625 0.533203125 0.357421875 0.53515625 0.3515625
0 0.564453125 0.447265625 0.57421875 0.443359375 0.583984375 0.439453125 0.58984375 0.435546875 0.591796875 0.427734375 0.591796875 0.41796875 0.591796875 0.408203125 0.587890625 0.3984375 0.583984375 0.390625 0.57421875 0.384765625 0.568359375 0.3828125 0.5625 0.384765625 0.556640625 0.392578125 0.552734375 0.396484375 0.55078125 0.400390625 0.548828125 0.404296875 0.546875 0.416015625 0.546875 0.423828125 0.548828125 0.435546875 0.55078125 0.44140625
0 0.353515625 0.46875 0.365234375 0.470703125 0.373046875 0.478515625 0.376953125 0.490234375 0.37890625 0.498046875 0.37890625 0.509765625 0.373046875 0.5234375 0.37109375 0.52734375 0.361328125 0.533203125 0.353515625 0.53515625 0.345703125 0.537109375 0.337890625 0.533203125 0.330078125 0.521484375 0.326171875 0.501953125 0.328125 0.486328125 0.33203125 0.478515625 0.341796875 0.470703125
0 0.3203125 0.537109375 0.314453125 0.541015625 0.310546875 0.544921875 0.310546875 0.552734375 0.310546875 0.560546875 0.310546875 0.568359375 0.310546875 0.578125 0.31640625 0.58203125 0.326171875 0.583984375 0.33984375 0.576171875 0.341796875 0.568359375 0.341796875 0.560546875 0.341796875 0.552734375 0.33984375 0.544921875 0.333984375 0.541015625
0 0.388671875 0.572265625 0.404296875 0.5703125 0.4140625 0.56640625 0.421875 0.560546875 0.427734375 0.55078125 0.431640625 0.544921875 0.431640625 0.53125 0.431640625 0.521484375 0.419921875 0.509765625 0.412109375 0.505859375 0.40234375 0.50390625 0.392578125 0.5078125 0.38671875 0.509765625 0.380859375 0.515625 0.375 0.521484375 0.369140625 0.529296875 0.365234375 0.53515625 0.365234375 0.54296875 0.365234375 0.546875 0.369140625 0.560546875
0 0.341796875 0.6640625 0.349609375 0.662109375 0.361328125 0.658203125 0.373046875 0.658203125 0.3828125 0.658203125 0.38671875 0.6640625 0.388671875 0.671875 0.388671875 0.68359375 0.388671875 0.689453125 0.3828125 0.697265625 0.376953125 0.701171875 0.369140625 0.705078125 0.361328125 0.70703125 0.3515625 0.705078125 0.341796875 0.701171875 0.3359375 0.693359375 0.333984375 0.681640625 0.3359375 0.677734375
0 0.435546875 0.798828125 0.451171875 0.787109375 0.462890625 0.787109375 0.48046875 0.791015625 0.490234375 0.80078125 0.494140625 0.814453125 0.498046875 0.830078125 0.49609375 0.841796875 0.490234375 0.8515625 0.478515625 0.861328125 0.46484375 0.865234375 0.4453125 0.861328125 0.435546875 0.8515625 0.42578125 0.818359375 0.427734375 0.810546875
0 0.8828125 0.787109375 0.873046875 0.787109375 0.86328125 0.79296875 0.861328125 0.796875 0.85546875 0.810546875 0.8515625 0.818359375 0.853515625 0.830078125 0.857421875 0.837890625 0.869140625 0.845703125 0.875 0.84765625 0.8828125 0.84765625 0.88671875 0.845703125 0.892578125 0.83984375 0.896484375 0.83203125 0.8984375 0.818359375