0 0.00390625 0.0078125 0.017578125 0.021484375 0.025390625 0.03125 0.029296875 0.044921875 0.0234375 0.056640625 0.0078125 0.068359375 0.001953125 0.0703125
0 0.00390625 0.181640625 0.009765625 0.189453125 0.015625 0.205078125 0.013671875 0.212890625 0 0.220703125
0 0.126953125 0.29296875 0.146484375 0.291015625 0.158203125 0.3046875 0.16015625 0.3203125 0.15625 0.328125 0.13671875 0.345703125 0.12890625 0.345703125 0.123046875 0.34375 0.119140625 0.337890625 0.115234375 0.326171875 0.115234375 0.31640625 0.11328125 0.306640625
0 0.423828125 0.212890625 0.439453125 0.220703125 0.451171875 0.234375 0.45703125 0.255859375 0.462890625 0.275390625 0.4609375 0.296875 0.447265625 0.31640625 0.423828125 0.326171875 0.41015625 0.330078125 0.39453125 0.33203125 0.384765625 0.330078125 0.369140625 0.3203125 0.34375 0.296875 0.34375 0.267578125 0.35546875 0.236328125 0.3671875 0.22265625 0.400390625 0.208984375
0 0.138671875 0.53125 0.1640625 0.54296875 0.181640625 0.55859375 0.193359375 0.583984375 0.193359375 0.607421875 0.1875 0.62109375 0.18359375 0.62890625 0.1640625 0.64453125 0.142578125 0.650390625 0.09375 0.626953125 0.080078125 0.599609375 0.08203125 0.583984375 0.08984375 0.560546875 0.10546875 0.544921875
0 0.140625 0.6953125 0.171875 0.69921875 0.193359375 0.720703125 0.1953125 0.748046875 0.189453125 0.775390625 0.1796875 0.791015625 0.154296875 0.802734375 0.125 0.806640625 0.107421875 0.802734375 0.091796875 0.791015625 0.083984375 0.7578125 0.08203125 0.732421875 0.10546875 0.705078125
0 0.0078125 0.9296875 0.0390625 0.9296875 0.052734375 0.912109375 0.05859375 0.896484375 0.0625 0.8828125 0.056640625 0.8671875 0.03515625 0.841796875 0.01953125 0.83984375 0.013671875 0.83984375 0.009765625 0.841796875 0.00390625 0.84375 0.00390625 0.92578125
0 0.701171875 0.80859375 0.71484375 0.810546875 0.72265625 0.82421875 0.7265625 0.841796875 0.71875 0.857421875 0.708984375 0.8671875 0.6953125 0.875 0.67578125 0.849609375 0.677734375 0.833984375 0.68359375 0.822265625
0 0.498046875 0.78125 0.51171875 0.775390625 0.521484375 0.7734375 0.529296875 0.775390625 0.533203125 0.783203125 0.53515625 0.7890625 0.533203125 0.798828125 0.52734375 0.8046875 0.5234375 0.806640625 0.521484375 0.80859375 0.515625 0.810546875 0.505859375 0.8125 0.498046875 0.810546875 0.49609375 0.80859375 0.494140625 0.798828125
0 0.478515625 0.71875 0.501953125 0.708984375 0.509765625 0.701171875 0.515625 0.6875 0.51171875 0.673828125 0.50390625 0.6640625 0.4921875 0.6640625 0.486328125 0.666015625 0.474609375 0.671875 0.470703125 0.67578125 0.466796875 0.681640625 0.4609375 0.6953125 0.462890625 0.703125
0 0.68359375 0.4453125 0.66015625 0.451171875 0.640625 0.46875 0.6171875 0.498046875 0.60546875 0.53125 0.609375 0.56640625 0.619140625 0.58984375 0.640625 0.619140625 0.66796875 0.630859375 0.6953125 0.634765625 0.73046875 0.6328125 0.748046875 0.619140625 0.765625 0.599609375 0.78125 0.578125 0.78515625 0.556640625 0.7890625 0.50390625 0.78125 0.478515625 0.76953125 0.458984375 0.740234375 0.443359375