0 0.001953125 0.138671875 0.009765625 0.138671875 0.013671875 0.138671875 0.01953125 0.14453125 0.021484375 0.150390625 0.01953125 0.15625 0.017578125 0.1640625 0.009765625 0.173828125 0.0078125 0.17578125 0 0.177734375
0 0.00390625 0.119140625 0.025390625 0.162109375 0.021484375 0.173828125 0.017578125 0.17578125 0.009765625 0.181640625 0.001953125 0.18359375
0 0.037109375 0.251953125 0.052734375 0.25390625 0.064453125 0.259765625 0.072265625 0.267578125 0.072265625 0.275390625 0.064453125 0.28515625 0.052734375 0.28515625 0.046875 0.283203125 0.0390625 0.28125 0.03515625 0.279296875 0.029296875 0.265625 0.029296875 0.259765625
0 0.244140625 0.013671875 0.267578125 0.009765625 0.275390625 0.015625 0.287109375 0.021484375 0.294921875 0.033203125 0.298828125 0.041015625 0.30078125 0.052734375 0.294921875 0.056640625 0.275390625 0.068359375 0.255859375 0.068359375 0.234375 0.048828125 0.232421875 0.03515625 0.234375 0.029296875
0 0.388671875 0.001953125 0.392578125 0.01171875 0.408203125 0.017578125 0.412109375 0.017578125 0.41796875 0.013671875 0.421875 0.01171875 0.423828125 0.0078125 0.427734375 0.001953125
0 0.466796875 0 0.466796875 0.009765625 0.447265625 0.02734375 0.4375 0.025390625 0.43359375 0.021484375 0.431640625 0.015625 0.427734375 0.005859375 0.427734375 0
0 0.447265625 0.072265625 0.466796875 0.072265625 0.474609375 0.06640625 0.474609375 0.052734375 0.470703125 0.041015625 0.4609375 0.037109375 0.4375 0.044921875 0.43359375 0.056640625 0.439453125 0.06640625
0 0.826171875 0.166015625 0.83984375 0.166015625 0.85546875 0.171875 0.85546875 0.181640625 0.857421875 0.19921875 0.833984375 0.201171875 0.826171875 0.19921875 0.818359375 0.197265625 0.814453125 0.19140625 0.810546875 0.18359375 0.8125 0.17578125 0.814453125 0.173828125
0 0.998046875 0.208984375 0.986328125 0.2109375 0.970703125 0.22265625 0.974609375 0.23828125 0.986328125 0.2421875 0.990234375 0.2421875 0.994140625 0.240234375 0.99609375 0.240234375 0.998046875 0.240234375 0.99609375 0.208984375
0 0.728515625 0.275390625 0.74609375 0.275390625 0.75390625 0.27734375 0.763671875 0.283203125 0.765625 0.287109375 0.767578125 0.30078125 0.76171875 0.3125 0.759765625 0.314453125 0.751953125 0.31640625 0.73828125 0.31640625 0.728515625 0.3125 0.71484375 0.294921875 0.72265625 0.279296875
0 0.689453125 0.302734375 0.68359375 0.3125 0.681640625 0.322265625 0.681640625 0.326171875 0.693359375 0.33984375 0.69921875 0.337890625 0.70703125 0.337890625 0.7109375 0.3359375 0.716796875 0.33203125 0.720703125 0.32421875 0.720703125 0.31640625 0.705078125 0.306640625
0 0.57421875 0.517578125 0.5859375 0.517578125 0.599609375 0.5078125 0.599609375 0.501953125 0.603515625 0.494140625 0.603515625 0.486328125 0.599609375 0.48046875 0.58984375 0.4765625 0.5703125 0.474609375 0.552734375 0.48828125 0.552734375 0.49609375 0.552734375 0.501953125 0.552734375 0.509765625 0.5546875 0.51171875
0 0.595703125 0.373046875 0.5859375 0.375 0.57421875 0.376953125 0.564453125 0.384765625 0.556640625 0.392578125 0.552734375 0.400390625 0.55078125 0.408203125 0.55078125 0.41796875 0.548828125 0.42578125 0.552734375 0.435546875 0.552734375 0.439453125 0.5546875 0.443359375 0.5625 0.453125 0.607421875 0.474609375 0.623046875 0.466796875 0.640625 0.419921875 0.642578125 0.400390625 0.63671875 0.384765625 0.62890625 0.380859375
0 0.994140625 0.357421875 0.982421875 0.357421875 0.978515625 0.36328125 0.9765625 0.369140625 0.974609375 0.376953125 0.974609375 0.3828125 0.978515625 0.388671875 0.98046875 0.392578125 0.982421875 0.39453125 0.98828125 0.396484375 0.998046875 0.3984375 0.998046875 0.3984375 0.998046875 0.359375
0 0.779296875 0.62109375 0.791015625 0.638671875 0.7890625 0.646484375 0.787109375 0.6484375 0.783203125 0.65234375 0.779296875 0.654296875 0.775390625 0.65625 0.767578125 0.65625 0.76171875 0.654296875 0.755859375 0.646484375 0.75390625 0.638671875 0.7578125 0.625
0 0.556640625 0.630859375 0.572265625 0.63671875 0.583984375 0.6484375 0.58984375 0.666015625 0.583984375 0.68359375 0.572265625 0.697265625 0.556640625 0.705078125 0.537109375 0.708984375 0.517578125 0.69921875 0.509765625 0.681640625 0.5078125 0.662109375 0.509765625 0.646484375 0.51953125 0.63671875 0.525390625 0.6328125
0 0.01171875 0.849609375 0.025390625 0.85546875 0.02734375 0.861328125 0.029296875 0.875 0.029296875 0.884765625 0.025390625 0.888671875 0.0234375 0.89453125 0.021484375 0.896484375 0.013671875 0.900390625 0.009765625 0.90625 0.005859375 0.908203125 0.001953125 0.91015625 0.005859375 0.849609375
0 0.0859375 0.998046875 0.0859375 0.986328125 0.087890625 0.982421875 0.091796875 0.978515625 0.095703125 0.974609375 0.099609375 0.970703125 0.103515625 0.970703125 0.109375 0.970703125 0.115234375 0.974609375 0.12109375 0.978515625 0.125 0.98828125 0.126953125 0.99609375 0.12109375 0.998046875 0.08984375 0.998046875
0 0.625 0.955078125 0.634765625 0.955078125 0.6484375 0.97265625 0.6484375 0.978515625 0.646484375 0.984375 0.642578125 0.990234375 0.638671875 0.998046875 0.62109375 0.998046875 0.611328125 0.98828125 0.609375 0.978515625 0.607421875 0.96484375 0.609375 0.962890625 0.615234375 0.95703125
0 0.662109375 0.978515625 0.66796875 0.974609375 0.677734375 0.974609375 0.69140625 0.994140625 0.693359375 0.994140625 0.693359375 0.998046875 0.650390625 0.99609375