0 0.001953125 0.0703125 0.021484375 0.0703125 0.033203125 0.064453125 0.041015625 0.0546875 0.044921875 0.04296875 0.03515625 0.01953125 0.02734375 0.01171875 0.017578125 0.0078125 0.009765625 0.0078125 0.001953125 0.0078125 0 0.009765625
0 0.001953125 0.193359375 0.021484375 0.16796875 0.021484375 0.15625 0.017578125 0.14453125 0.00390625 0.130859375 0 0.1328125
0 0.1328125 0.291015625 0.111328125 0.302734375 0.107421875 0.314453125 0.10546875 0.330078125 0.109375 0.341796875 0.1171875 0.34765625 0.126953125 0.349609375 0.13671875 0.345703125 0.146484375 0.33984375 0.150390625 0.333984375 0.154296875 0.32421875 0.15625 0.314453125 0.15625 0.3046875 0.15234375 0.298828125
0 0.451171875 0.193359375 0.458984375 0.22265625 0.45703125 0.26171875 0.439453125 0.2890625 0.408203125 0.298828125 0.38671875 0.294921875 0.36328125 0.28515625 0.34375 0.26171875 0.341796875 0.232421875 0.345703125 0.2109375 0.357421875 0.193359375 0.373046875 0.1796875 0.392578125 0.173828125 0.41015625 0.169921875 0.427734375 0.171875 0.43359375 0.171875
0 0.09375 0.494140625 0.123046875 0.50390625 0.150390625 0.521484375 0.15625 0.5390625 0.158203125 0.564453125 0.154296875 0.5859375 0.140625 0.59765625 0.115234375 0.61328125 0.095703125 0.61328125 0.076171875 0.611328125 0.05859375 0.6015625 0.04296875 0.587890625 0.037109375 0.572265625 0.037109375 0.546875 0.0703125 0.50390625
0 0.181640625 0.66796875 0.20703125 0.685546875 0.22265625 0.712890625 0.228515625 0.748046875 0.21875 0.76953125 0.166015625 0.794921875 0.140625 0.794921875 0.126953125 0.77734375 0.1171875 0.755859375 0.11328125 0.720703125 0.111328125 0.703125 0.119140625 0.693359375 0.126953125 0.69140625
0 0.052734375 0.876953125 0.0859375 0.861328125 0.08984375 0.83203125 0.08984375 0.80859375 0.080078125 0.79296875 0.06640625 0.78515625 0.052734375 0.783203125 0.041015625 0.78515625 0.0078125 0.814453125 0.00390625 0.8359375 0.0078125 0.8515625 0.017578125 0.8671875 0.02734375 0.873046875
0 0.681640625 0.853515625 0.697265625 0.8515625 0.7109375 0.85546875 0.716796875 0.8828125 0.716796875 0.892578125 0.7109375 0.90625 0.689453125 0.919921875 0.681640625 0.919921875 0.67578125 0.916015625 0.66796875 0.908203125 0.6640625 0.89453125 0.662109375 0.884765625 0.6640625 0.875
0 0.498046875 0.771484375 0.513671875 0.767578125 0.521484375 0.767578125 0.529296875 0.76953125 0.53125 0.78125 0.529296875 0.7890625 0.517578125 0.810546875 0.505859375 0.8125 0.49609375 0.810546875 0.494140625 0.8046875 0.494140625 0.794921875
0 0.515625 0.68359375 0.537109375 0.681640625 0.544921875 0.673828125 0.548828125 0.6640625 0.5546875 0.65234375 0.552734375 0.64453125 0.54296875 0.634765625 0.537109375 0.6328125 0.52734375 0.634765625 0.5234375 0.63671875 0.513671875 0.640625 0.505859375 0.6484375 0.501953125 0.65625 0.498046875 0.66796875 0.501953125 0.681640625
0 0.73046875 0.39453125 0.705078125 0.400390625 0.681640625 0.419921875 0.6640625 0.4375 0.6484375 0.466796875 0.650390625 0.5234375 0.671875 0.556640625 0.72265625 0.578125 0.798828125 0.568359375 0.826171875 0.53125 0.833984375 0.48046875 0.828125 0.439453125 0.810546875 0.416015625 0.7890625 0.40234375 0.771484375 0.396484375