0 0.00390625 0.14453125 0.01171875 0.140625 0.01953125 0.138671875 0.025390625 0.142578125 0.029296875 0.146484375 0.03125 0.154296875 0.029296875 0.158203125 0.029296875 0.162109375 0.0234375 0.162109375 0.01953125 0.162109375 0.013671875 0.162109375 0.009765625 0.162109375 0.005859375 0.16015625 0.001953125 0.15625
0 0.01171875 0.298828125 0.01953125 0.296875 0.025390625 0.296875 0.03515625 0.298828125 0.041015625 0.3046875 0.044921875 0.310546875 0.048828125 0.318359375 0.046875 0.328125 0.041015625 0.337890625 0.03515625 0.34375 0.029296875 0.345703125 0.013671875 0.345703125 0.009765625 0.341796875 0.00390625 0.337890625 0 0.33203125 0.00390625 0.306640625
0 0.447265625 0.25390625 0.44140625 0.255859375 0.435546875 0.2578125 0.423828125 0.26953125 0.419921875 0.275390625 0.41796875 0.287109375 0.416015625 0.294921875 0.419921875 0.30078125 0.423828125 0.306640625 0.427734375 0.310546875 0.44140625 0.3125 0.451171875 0.310546875 0.45703125 0.3046875 0.466796875 0.287109375 0.466796875 0.279296875 0.466796875 0.271484375 0.462890625 0.265625 0.458984375 0.259765625
0 0.369140625 0.330078125 0.376953125 0.326171875 0.384765625 0.328125 0.388671875 0.333984375 0.388671875 0.341796875 0.390625 0.345703125 0.388671875 0.349609375 0.38671875 0.3515625 0.384765625 0.353515625 0.376953125 0.353515625 0.375 0.353515625 0.373046875 0.3515625 0.369140625 0.34765625 0.369140625 0.341796875
0 0.29296875 0.421875 0.306640625 0.416015625 0.32421875 0.416015625 0.337890625 0.421875 0.34375 0.4296875 0.34765625 0.439453125 0.3515625 0.447265625 0.349609375 0.45703125 0.34765625 0.470703125 0.345703125 0.478515625 0.33984375 0.486328125 0.33203125 0.494140625 0.318359375 0.498046875 0.3046875 0.498046875 0.294921875 0.49609375 0.287109375 0.490234375 0.28125 0.482421875 0.27734375 0.470703125 0.275390625 0.458984375 0.279296875 0.44140625
0 0.294921875 0.556640625 0.302734375 0.552734375 0.310546875 0.552734375 0.318359375 0.556640625 0.326171875 0.560546875 0.333984375 0.56640625 0.333984375 0.57421875 0.333984375 0.580078125 0.330078125 0.58984375 0.32421875 0.591796875 0.318359375 0.58984375 0.310546875 0.587890625 0.3046875 0.583984375 0.296875 0.578125 0.291015625 0.568359375
0 0.3828125 0.57421875 0.400390625 0.572265625 0.419921875 0.556640625 0.423828125 0.55078125 0.427734375 0.5390625 0.42578125 0.529296875 0.41796875 0.515625 0.408203125 0.509765625 0.396484375 0.505859375 0.384765625 0.509765625 0.3671875 0.51953125 0.361328125 0.525390625 0.361328125 0.52734375 0.357421875 0.5390625 0.357421875 0.552734375 0.359375 0.560546875 0.361328125 0.564453125
0 0.572265625 0.46484375 0.580078125 0.458984375 0.583984375 0.455078125 0.58984375 0.45703125 0.59375 0.45703125 0.599609375 0.45703125 0.609375 0.462890625 0.615234375 0.466796875 0.6171875 0.482421875 0.615234375 0.490234375 0.611328125 0.49609375 0.607421875 0.5 0.6015625 0.501953125 0.595703125 0.501953125 0.591796875 0.501953125 0.583984375 0.5 0.576171875 0.494140625 0.572265625 0.490234375 0.568359375 0.48046875
0 0.583984375 0.412109375 0.595703125 0.400390625 0.599609375 0.400390625 0.6171875 0.396484375 0.626953125 0.400390625 0.6328125 0.40625 0.63671875 0.4140625 0.634765625 0.423828125 0.630859375 0.431640625 0.623046875 0.439453125 0.611328125 0.443359375 0.595703125 0.44140625 0.5859375 0.439453125 0.578125 0.431640625 0.576171875 0.42578125
0 0.349609375 0.740234375 0.357421875 0.73828125 0.3671875 0.7421875 0.376953125 0.748046875 0.384765625 0.763671875 0.384765625 0.77734375 0.37890625 0.787109375 0.373046875 0.79296875 0.36328125 0.794921875 0.34375 0.787109375 0.333984375 0.779296875 0.330078125 0.763671875 0.333984375 0.75 0.337890625 0.7421875
0 0.55859375 0.841796875 0.576171875 0.833984375 0.5859375 0.8359375 0.59765625 0.84375 0.603515625 0.853515625 0.609375 0.869140625 0.607421875 0.880859375 0.603515625 0.89453125 0.591796875 0.900390625 0.580078125 0.8984375 0.564453125 0.892578125 0.560546875 0.888671875 0.546875 0.869140625 0.548828125 0.85546875 0.552734375 0.84375