0 0.001953125 0.015625 0.01171875 0.01171875 0.015625 0.009765625 0.021484375 0.0078125 0.033203125 0.01171875 0.044921875 0.015625 0.05078125 0.021484375 0.056640625 0.029296875 0.056640625 0.03515625 0.056640625 0.05078125 0.05078125 0.05859375 0.044921875 0.068359375 0.041015625 0.0703125 0.033203125 0.07421875 0.029296875 0.07421875 0.01953125 0.072265625 0.015625 0.0703125 0.009765625 0.06640625 0.005859375 0.0625 0.001953125 0.05859375
0 0.005859375 0.095703125 0.021484375 0.095703125 0.02734375 0.103515625 0.033203125 0.111328125 0.03515625 0.125 0.03125 0.134765625 0.02734375 0.142578125 0.01953125 0.1484375 0.015625 0.15234375 0.005859375 0.16015625 0.00390625 0.16015625
0 0.435546875 0.1484375 0.46875 0.189453125 0.46875 0.216796875 0.462890625 0.248046875 0.451171875 0.267578125 0.431640625 0.28125 0.41015625 0.283203125 0.384765625 0.279296875 0.359375 0.265625 0.34375 0.2421875 0.333984375 0.22265625 0.345703125 0.1875 0.35546875 0.171875 0.373046875 0.15625 0.384765625 0.150390625
0 0.1328125 0.3515625 0.15234375 0.34375 0.162109375 0.310546875 0.154296875 0.296875 0.140625 0.2890625 0.123046875 0.291015625 0.10546875 0.3046875 0.1015625 0.318359375 0.103515625 0.328125 0.107421875 0.33984375 0.111328125 0.341796875
0 0.044921875 0.470703125 0.072265625 0.46484375 0.09375 0.466796875 0.1171875 0.482421875 0.12890625 0.50390625 0.130859375 0.521484375 0.126953125 0.54296875 0.123046875 0.5703125 0.078125 0.59765625 0.044921875 0.58984375 0.02734375 0.568359375 0.013671875 0.54296875 0.0078125 0.51953125 0.01171875 0.498046875
0 0.087890625 0.74609375 0.072265625 0.74609375 0.056640625 0.75390625 0.041015625 0.771484375 0.033203125 0.79296875 0.03515625 0.8125 0.037109375 0.833984375 0.05859375 0.845703125 0.083984375 0.83984375 0.103515625 0.828125 0.119140625 0.8125 0.125 0.79296875 0.125 0.77734375 0.123046875 0.765625 0.115234375 0.7578125
0 0.19921875 0.662109375 0.220703125 0.66796875 0.234375 0.68359375 0.2421875 0.720703125 0.2421875 0.740234375 0.228515625 0.76953125 0.201171875 0.779296875 0.1796875 0.779296875 0.1640625 0.771484375 0.15234375 0.76171875 0.140625 0.751953125 0.130859375 0.73828125 0.126953125 0.72265625 0.126953125 0.70703125 0.130859375 0.693359375 0.134765625 0.6796875 0.140625 0.673828125 0.15625 0.6640625
0 0.53125 0.603515625 0.55859375 0.6015625 0.5703125 0.6015625 0.580078125 0.60546875 0.583984375 0.61328125 0.583984375 0.623046875 0.583984375 0.63671875 0.578125 0.6484375 0.57421875 0.65625 0.568359375 0.662109375 0.5625 0.666015625 0.55078125 0.669921875 0.5390625 0.66796875 0.53125 0.666015625 0.525390625 0.662109375 0.51953125 0.654296875 0.517578125 0.638671875 0.517578125 0.62890625
0 0.5 0.775390625 0.513671875 0.76953125 0.5234375 0.771484375 0.52734375 0.77734375 0.53125 0.783203125 0.53125 0.7890625 0.529296875 0.796875 0.525390625 0.8046875 0.5234375 0.806640625 0.50390625 0.81640625 0.5 0.814453125 0.49609375 0.810546875 0.4921875 0.806640625 0.4921875 0.80078125
0 0.646484375 0.880859375 0.669921875 0.873046875 0.689453125 0.873046875 0.701171875 0.884765625 0.705078125 0.900390625 0.705078125 0.912109375 0.69921875 0.9296875 0.6953125 0.939453125 0.6796875 0.951171875 0.666015625 0.951171875 0.654296875 0.951171875 0.646484375 0.947265625 0.640625 0.94140625 0.634765625 0.93359375 0.6328125 0.919921875 0.634765625 0.91015625
0 0.78125 0.3671875 0.80859375 0.365234375 0.845703125 0.380859375 0.875 0.43359375 0.875 0.47265625 0.86328125 0.498046875 0.84375 0.517578125 0.8203125 0.533203125 0.7890625 0.541015625 0.75390625 0.541015625 0.716796875 0.529296875 0.693359375 0.494140625 0.693359375 0.4609375 0.69921875 0.4296875 0.73046875 0.38671875